0
0
0
0
0
0
0
0
0
0
0
0
0
0
0
0
0
0
0
0
0
0
0
0
0
0
0
0
0
0
0
0
0
0
0
0
0
0
0
0
0
0
6.64989e-06
9.04491e-06
8.70248e-06
6.35252e-06
2.42224e-06
2.78779e-06
9.03112e-06
1.60824e-05
2.37218e-05
3.17285e-05
3.98785e-05
4.79469e-05
5.57106e-05
6.29537e-05
6.94729e-05
7.50834e-05
7.96249e-05
8.29664e-05
8.5011e-05
8.56992e-05
8.5011e-05
8.29664e-05
7.96249e-05
7.50834e-05
6.94729e-05
6.29537e-05
5.57106e-05
4.79469e-05
3.98785e-05
3.17285e-05
2.37218e-05
1.60824e-05
9.03112e-06
2.78779e-06
2.42224e-06
6.35252e-06
8.70248e-06
9.04491e-06
6.64989e-06
0
0
9.04491e-06
1.19794e-05
1.03282e-05
5.07385e-06
3.10081e-06
1.36669e-05
2.61684e-05
4.01781e-05
5.52754e-05
7.1036e-05
8.703e-05
0.000102825
0.000117995
0.000132124
0.000144826
0.000155745
0.000164578
0.000171072
0.000175045
0.000176382
0.000175045
0.000171072
0.000164578
0.000155745
0.000144826
0.000132124
0.000117995
0.000102825
8.703e-05
7.1036e-05
5.52754e-05
4.01781e-05
2.61684e-05
1.36669e-05
3.10081e-06
5.07385e-06
1.03282e-05
1.19794e-05
9.04491e-06
0
0
8.70248e-06
1.03282e-05
6.17473e-06
2.75597e-06
1.56678e-05
3.18845e-05
5.07889e-05
7.17841e-05
9.42724e-05
0.000117646
0.000141288
0.000164577
0.000186896
0.000207652
0.000226285
0.000242289
0.000255223
0.000264728
0.00027054
0.000272496
0.00027054
0.000264728
0.000255223
0.000242289
0.000226285
0.000207652
0.000186896
0.000164577
0.000141288
0.000117646
9.42724e-05
7.17841e-05
5.07889e-05
3.18845e-05
1.56678e-05
2.75597e-06
6.17473e-06
1.03282e-05
8.70248e-06
0
0
6.35252e-06
5.07385e-06
2.75597e-06
1.61978e-05
3.44236e-05
5.66714e-05
8.2207e-05
0.000110296
0.000140189
0.000171115
0.000202287
0.000232911
0.0002622
0.000289391
0.00031377
0.000334686
0.000351577
0.000363984
0.000371567
0.000374118
0.000371567
0.000363984
0.000351577
0.000334686
0.00031377
0.000289391
0.0002622
0.000232911
0.000202287
0.000171115
0.000140189
0.000110296
8.2207e-05
5.66714e-05
3.44236e-05
1.61978e-05
2.75597e-06
5.07385e-06
6.35252e-06
0
0
2.42224e-06
3.10081e-06
1.56678e-05
3.44236e-05
5.85486e-05
8.72356e-05
0.000119668
0.000155
0.000192356
0.00023082
0.000269454
0.000307305
0.000343429
0.00037691
0.000406888
0.000432583
0.000453316
0.000468537
0.000477836
0.000480964
0.000477836
0.000468537
0.000453316
0.000432583
0.000406888
0.00037691
0.000343429
0.000307305
0.000269454
0.00023082
0.000192356
0.000155
0.000119668
8.72356e-05
5.85486e-05
3.44236e-05
1.56678e-05
3.10081e-06
2.42224e-06
0
0
2.78779e-06
1.36669e-05
3.18845e-05
5.66714e-05
8.72356e-05
0.000122749
0.000162338
0.00020507
0.000249957
0.000295962
0.000342007
0.000386999
0.000429847
0.000469495
0.00050495
0.000535307
0.000559784
0.000577743
0.000588712
0.000592401
0.000588712
0.000577743
0.000559784
0.000535307
0.00050495
0.000469495
0.000429847
0.000386999
0.000342007
0.000295962
0.000249957
0.00020507
0.000162338
0.000122749
8.72356e-05
5.66714e-05
3.18845e-05
1.36669e-05
2.78779e-06
0
0
9.03112e-06
2.61684e-05
5.07889e-05
8.2207e-05
0.000119668
0.000162338
0.000209302
0.000259559
0.00031203
0.000365565
0.000418966
0.000471008
0.000520471
0.000566167
0.000606977
0.000641886
0.000670013
0.000690639
0.000703232
0.000707466
0.000703232
0.000690639
0.000670013
0.000641886
0.000606977
0.000566167
0.000520471
0.000471008
0.000418966
0.000365565
0.00031203
0.000259559
0.000209302
0.000162338
0.000119668
8.2207e-05
5.07889e-05
2.61684e-05
9.03112e-06
0
0
1.60824e-05
4.01781e-05
7.17841e-05
0.000110296
0.000155
0.00020507
0.000259559
0.000317413
0.000377472
0.000438491
0.000499161
0.000558142
0.000614089
0.000665697
0.000711732
0.000751073
0.000782749
0.000805966
0.000820136
0.0008249
0.000820136
0.000805966
0.000782749
0.000751073
0.000711732
0.000665697
0.000614089
0.000558142
0.000499161
0.000438491
0.000377472
0.000317413
0.000259559
0.00020507
0.000155
0.000110296
7.17841e-05
4.01781e-05
1.60824e-05
0
0
2.37218e-05
5.52754e-05
9.42724e-05
0.000140189
0.000192356
0.000249957
0.00031203
0.000377472
0.000445057
0.000513455
0.000581259
0.000647021
0.000709288
0.000766642
0.000817745
0.00086138
0.000896489
0.00092221
0.000937904
0.000943179
0.000937904
0.00092221
0.000896489
0.00086138
0.000817745
0.000766642
0.000709288
0.000647021
0.000581259
0.000513455
0.000445057
0.000377472
0.00031203
0.000249957
0.000192356
0.000140189
9.42724e-05
5.52754e-05
2.37218e-05
0
0
3.17285e-05
7.1036e-05
0.000117646
0.000171115
0.00023082
0.000295962
0.000365565
0.000438491
0.000513455
0.000589052
0.000663789
0.000736119
0.000804489
0.000867381
0.00092336
0.000971119
0.00100952
0.00103765
0.0010548
0.00106057
0.0010548
0.00103765
0.00100952
0.000971119
0.00092336
0.000867381
0.000804489
0.000736119
0.000663789
0.000589052
0.000513455
0.000438491
0.000365565
0.000295962
0.00023082
0.000171115
0.000117646
7.1036e-05
3.17285e-05
0
0
3.98785e-05
8.703e-05
0.000141288
0.000202287
0.000269454
0.000342007
0.000418966
0.000499161
0.000581259
0.000663789
0.000745177
0.000823792
0.000897989
0.000966158
0.00102678
0.00107845
0.00111999
0.00115039
0.00116893
0.00117516
0.00116893
0.00115039
0.00111999
0.00107845
0.00102678
0.000966158
0.000897989
0.000823792
0.000745177
0.000663789
0.000581259
0.000499161
0.000418966
0.000342007
0.000269454
0.000202287
0.000141288
8.703e-05
3.98785e-05
0
0
4.79469e-05
0.000102825
0.000164577
0.000232911
0.000307305
0.000386999
0.000471008
0.000558142
0.000647021
0.000736119
0.000823792
0.000908331
0.00098801
0.00106114
0.0011261
0.00118146
0.00122592
0.00125845
0.00127828
0.00128495
0.00127828
0.00125845
0.00122592
0.00118146
0.0011261
0.00106114
0.00098801
0.000908331
0.000823792
0.000736119
0.000647021
0.000558142
0.000471008
0.000386999
0.000307305
0.000232911
0.000164577
0.000102825
4.79469e-05
0
0
5.57106e-05
0.000117995
0.000186896
0.0002622
0.000343429
0.000429847
0.000520471
0.000614089
0.000709288
0.000804489
0.000897989
0.00098801
0.00107275
0.00115045
0.00121943
0.00127816
0.00132532
0.00135981
0.00138084
0.0013879
0.00138084
0.00135981
0.00132532
0.00127816
0.00121943
0.00115045
0.00107275
0.00098801
0.000897989
0.000804489
0.000709288
0.000614089
0.000520471
0.000429847
0.000343429
0.0002622
0.000186896
0.000117995
5.57106e-05
0
0
6.29537e-05
0.000132124
0.000207652
0.000289391
0.00037691
0.000469495
0.000566167
0.000665697
0.000766642
0.000867381
0.000966158
0.00106114
0.00115045
0.00123227
0.00130487
0.00136664
0.00141622
0.00145248
0.00147458
0.001482
0.00147458
0.00145248
0.00141622
0.00136664
0.00130487
0.00123227
0.00115045
0.00106114
0.000966158
0.000867381
0.000766642
0.000665697
0.000566167
0.000469495
0.00037691
0.000289391
0.000207652
0.000132124
6.29537e-05
0
0
6.94729e-05
0.000144826
0.000226285
0.00031377
0.000406888
0.00050495
0.000606977
0.000711732
0.000817745
0.00092336
0.00102678
0.0011261
0.00121943
0.00130487
0.00138062
0.00144506
0.00149677
0.00153457
0.0015576
0.00156534
0.0015576
0.00153457
0.00149677
0.00144506
0.00138062
0.00130487
0.00121943
0.0011261
0.00102678
0.00092336
0.000817745
0.000711732
0.000606977
0.00050495
0.000406888
0.00031377
0.000226285
0.000144826
6.94729e-05
0
0
7.50834e-05
0.000155745
0.000242289
0.000334686
0.000432583
0.000535307
0.000641886
0.000751073
0.00086138
0.000971119
0.00107845
0.00118146
0.00127816
0.00136664
0.00144506
0.00151175
0.00156524
0.00160433
0.00162815
0.00163615
0.00162815
0.00160433
0.00156524
0.00151175
0.00144506
0.00136664
0.00127816
0.00118146
0.00107845
0.000971119
0.00086138
0.000751073
0.000641886
0.000535307
0.000432583
0.000334686
0.000242289
0.000155745
7.50834e-05
0
0
7.96249e-05
0.000164578
0.000255223
0.000351577
0.000453316
0.000559784
0.000670013
0.000782749
0.000896489
0.00100952
0.00111999
0.00122592
0.00132532
0.00141622
0.00149677
0.00156524
0.00162014
0.00166027
0.00168472
0.00169293
0.00168472
0.00166027
0.00162014
0.00156524
0.00149677
0.00141622
0.00132532
0.00122592
0.00111999
0.00100952
0.000896489
0.000782749
0.000670013
0.000559784
0.000453316
0.000351577
0.000255223
0.000164578
7.96249e-05
0
0
8.29664e-05
0.000171072
0.000264728
0.000363984
0.000468537
0.000577743
0.000690639
0.000805966
0.00092221
0.00103765
0.00115039
0.00125845
0.00135981
0.00145248
0.00153457
0.00160433
0.00166027
0.00170115
0.00172605
0.00173442
0.00172605
0.00170115
0.00166027
0.00160433
0.00153457
0.00145248
0.00135981
0.00125845
0.00115039
0.00103765
0.00092221
0.000805966
0.000690639
0.000577743
0.000468537
0.000363984
0.000264728
0.000171072
8.29664e-05
0
0
8.5011e-05
0.000175045
0.00027054
0.000371567
0.000477836
0.000588712
0.000703232
0.000820136
0.000937904
0.0010548
0.00116893
0.00127828
0.00138084
0.00147458
0.0015576
0.00162815
0.00168472
0.00172605
0.00175123
0.00175969
0.00175123
0.00172605
0.00168472
0.00162815
0.0015576
0.00147458
0.00138084
0.00127828
0.00116893
0.0010548
0.000937904
0.000820136
0.000703232
0.000588712
0.000477836
0.000371567
0.00027054
0.000175045
8.5011e-05
0
0
8.56992e-05
0.000176382
0.000272496
0.000374118
0.000480964
0.000592401
0.000707466
0.0008249
0.000943179
0.00106057
0.00117516
0.00128495
0.0013879
0.001482
0.00156534
0.00163615
0.00169293
0.00173442
0.00175969
0.00176817
0.00175969
0.00173442
0.00169293
0.00163615
0.00156534
0.001482
0.0013879
0.00128495
0.00117516
0.00106057
0.000943179
0.0008249
0.000707466
0.000592401
0.000480964
0.000374118
0.000272496
0.000176382
8.56992e-05
0
0
8.5011e-05
0.000175045
0.00027054
0.000371567
0.000477836
0.000588712
0.000703232
0.000820136
0.000937904
0.0010548
0.00116893
0.00127828
0.00138084
0.00147458
0.0015576
0.00162815
0.00168472
0.00172605
0.00175123
0.00175969
0.00175123
0.00172605
0.00168472
0.00162815
0.0015576
0.00147458
0.00138084
0.00127828
0.00116893
0.0010548
0.000937904
0.000820136
0.000703232
0.000588712
0.000477836
0.000371567
0.00027054
0.000175045
8.5011e-05
0
0
8.29664e-05
0.000171072
0.000264728
0.000363984
0.000468537
0.000577743
0.000690639
0.000805966
0.00092221
0.00103765
0.00115039
0.00125845
0.00135981
0.00145248
0.00153457
0.00160433
0.00166027
0.00170115
0.00172605
0.00173442
0.00172605
0.00170115
0.00166027
0.00160433
0.00153457
0.00145248
0.00135981
0.00125845
0.00115039
0.00103765
0.00092221
0.000805966
0.000690639
0.000577743
0.000468537
0.000363984
0.000264728
0.000171072
8.29664e-05
0
0
7.96249e-05
0.000164578
0.000255223
0.000351577
0.000453316
0.000559784
0.000670013
0.000782749
0.000896489
0.00100952
0.00111999
0.00122592
0.00132532
0.00141622
0.00149677
0.00156524
0.00162014
0.00166027
0.00168472
0.00169293
0.00168472
0.00166027
0.00162014
0.00156524
0.00149677
0.00141622
0.00132532
0.00122592
0.00111999
0.00100952
0.000896489
0.000782749
0.000670013
0.000559784
0.000453316
0.000351577
0.000255223
0.000164578
7.96249e-05
0
0
7.50834e-05
0.000155745
0.000242289
0.000334686
0.000432583
0.000535307
0.000641886
0.000751073
0.00086138
0.000971119
0.00107845
0.00118146
0.00127816
0.00136664
0.00144506
0.00151175
0.00156524
0.00160433
0.00162815
0.00163615
0.00162815
0.00160433
0.00156524
0.00151175
0.00144506
0.00136664
0.00127816
0.00118146
0.00107845
0.000971119
0.00086138
0.000751073
0.000641886
0.000535307
0.000432583
0.000334686
0.000242289
0.000155745
7.50834e-05
0
0
6.94729e-05
0.000144826
0.000226285
0.00031377
0.000406888
0.00050495
0.000606977
0.000711732
0.000817745
0.00092336
0.00102678
0.0011261
0.00121943
0.00130487
0.00138062
0.00144506
0.00149677
0.00153457
0.0015576
0.00156534
0.0015576
0.00153457
0.00149677
0.00144506
0.00138062
0.00130487
0.00121943
0.0011261
0.00102678
0.00092336
0.000817745
0.000711732
0.000606977
0.00050495
0.000406888
0.00031377
0.000226285
0.000144826
6.94729e-05
0
0
6.29537e-05
0.000132124
0.000207652
0.000289391
0.00037691
0.000469495
0.000566167
0.000665697
0.000766642
0.000867381
0.000966158
0.00106114
0.00115045
0.00123227
0.00130487
0.00136664
0.00141622
0.00145248
0.00147458
0.001482
0.00147458
0.00145248
0.00141622
0.00136664
0.00130487
0.00123227
0.00115045
0.00106114
0.000966158
0.000867381
0.000766642
0.000665697
0.000566167
0.000469495
0.00037691
0.000289391
0.000207652
0.000132124
6.29537e-05
0
0
5.57106e-05
0.000117995
0.000186896
0.0002622
0.000343429
0.000429847
0.000520471
0.000614089
0.000709288
0.000804489
0.000897989
0.00098801
0.00107275
0.00115045
0.00121943
0.00127816
0.00132532
0.00135981
0.00138084
0.0013879
0.00138084
0.00135981
0.00132532
0.00127816
0.00121943
0.00115045
0.00107275
0.00098801
0.000897989
0.000804489
0.000709288
0.000614089
0.000520471
0.000429847
0.000343429
0.0002622
0.000186896
0.000117995
5.57106e-05
0
0
4.79469e-05
0.000102825
0.000164577
0.000232911
0.000307305
0.000386999
0.000471008
0.000558142
0.000647021
0.000736119
0.000823792
0.000908331
0.00098801
0.00106114
0.0011261
0.00118146
0.00122592
0.00125845
0.00127828
0.00128495
0.00127828
0.00125845
0.00122592
0.00118146
0.0011261
0.00106114
0.00098801
0.000908331
0.000823792
0.000736119
0.000647021
0.000558142
0.000471008
0.000386999
0.000307305
0.000232911
0.000164577
0.000102825
4.79469e-05
0
0
3.98785e-05
8.703e-05
0.000141288
0.000202287
0.000269454
0.000342007
0.000418966
0.000499161
0.000581259
0.000663789
0.000745177
0.000823792
0.000897989
0.000966158
0.00102678
0.00107845
0.00111999
0.00115039
0.00116893
0.00117516
0.00116893
0.00115039
0.00111999
0.00107845
0.00102678
0.000966158
0.000897989
0.000823792
0.000745177
0.000663789
0.000581259
0.000499161
0.000418966
0.000342007
0.000269454
0.000202287
0.000141288
8.703e-05
3.98785e-05
0
0
3.17285e-05
7.1036e-05
0.000117646
0.000171115
0.00023082
0.000295962
0.000365565
0.000438491
0.000513455
0.000589052
0.000663789
0.000736119
0.000804489
0.000867381
0.00092336
0.000971119
0.00100952
0.00103765
0.0010548
0.00106057
0.0010548
0.00103765
0.00100952
0.000971119
0.00092336
0.000867381
0.000804489
0.000736119
0.000663789
0.000589052
0.000513455
0.000438491
0.000365565
0.000295962
0.00023082
0.000171115
0.000117646
7.1036e-05
3.17285e-05
0
0
2.37218e-05
5.52754e-05
9.42724e-05
0.000140189
0.000192356
0.000249957
0.00031203
0.000377472
0.000445057
0.000513455
0.000581259
0.000647021
0.000709288
0.000766642
0.000817745
0.00086138
0.000896489
0.00092221
0.000937904
0.000943179
0.000937904
0.00092221
0.000896489
0.00086138
0.000817745
0.000766642
0.000709288
0.000647021
0.000581259
0.000513455
0.000445057
0.000377472
0.00031203
0.000249957
0.000192356
0.000140189
9.42724e-05
5.52754e-05
2.37218e-05
0
0
1.60824e-05
4.01781e-05
7.17841e-05
0.000110296
0.000155
0.00020507
0.000259559
0.000317413
0.000377472
0.000438491
0.000499161
0.000558142
0.000614089
0.000665697
0.000711732
0.000751073
0.000782749
0.000805966
0.000820136
0.0008249
0.000820136
0.000805966
0.000782749
0.000751073
0.000711732
0.000665697
0.000614089
0.000558142
0.000499161
0.000438491
0.000377472
0.000317413
0.000259559
0.00020507
0.000155
0.000110296
7.17841e-05
4.01781e-05
1.60824e-05
0
0
9.03112e-06
2.61684e-05
5.07889e-05
8.2207e-05
0.000119668
0.000162338
0.000209302
0.000259559
0.00031203
0.000365565
0.000418966
0.000471008
0.000520471
0.000566167
0.000606977
0.000641886
0.000670013
0.000690639
0.000703232
0.000707466
0.000703232
0.000690639
0.000670013
0.000641886
0.000606977
0.000566167
0.000520471
0.000471008
0.000418966
0.000365565
0.00031203
0.000259559
0.000209302
0.000162338
0.000119668
8.2207e-05
5.07889e-05
2.61684e-05
9.03112e-06
0
0
2.78779e-06
1.36669e-05
3.18845e-05
5.66714e-05
8.72356e-05
0.000122749
0.000162338
0.00020507
0.000249957
0.000295962
0.000342007
0.000386999
0.000429847
0.000469495
0.00050495
0.000535307
0.000559784
0.000577743
0.000588712
0.000592401
0.000588712
0.000577743
0.000559784
0.000535307
0.00050495
0.000469495
0.000429847
0.000386999
0.000342007
0.000295962
0.000249957
0.00020507
0.000162338
0.000122749
8.72356e-05
5.66714e-05
3.18845e-05
1.36669e-05
2.78779e-06
0
0
2.42224e-06
3.10081e-06
1.56678e-05
3.44236e-05
5.85486e-05
8.72356e-05
0.000119668
0.000155
0.000192356
0.00023082
0.000269454
0.000307305
0.000343429
0.00037691
0.000406888
0.000432583
0.000453316
0.000468537
0.000477836
0.000480964
0.000477836
0.000468537
0.000453316
0.000432583
0.000406888
0.00037691
0.000343429
0.000307305
0.000269454
0.00023082
0.000192356
0.000155
0.000119668
8.72356e-05
5.85486e-05
3.44236e-05
1.56678e-05
3.10081e-06
2.42224e-06
0
0
6.35252e-06
5.07385e-06
2.75597e-06
1.61978e-05
3.44236e-05
5.66714e-05
8.2207e-05
0.000110296
0.000140189
0.000171115
0.000202287
0.000232911
0.0002622
0.000289391
0.00031377
0.000334686
0.000351577
0.000363984
0.000371567
0.000374118
0.000371567
0.000363984
0.000351577
0.000334686
0.00031377
0.000289391
0.0002622
0.000232911
0.000202287
0.000171115
0.000140189
0.000110296
8.2207e-05
5.66714e-05
3.44236e-05
1.61978e-05
2.75597e-06
5.07385e-06
6.35252e-06
0
0
8.70248e-06
1.03282e-05
6.17473e-06
2.75597e-06
1.56678e-05
3.18845e-05
5.07889e-05
7.17841e-05
9.42724e-05
0.000117646
0.000141288
0.000164577
0.000186896
0.000207652
0.000226285
0.000242289
0.000255223
0.000264728
0.00027054
0.000272496
0.00027054
0.000264728
0.000255223
0.000242289
0.000226285
0.000207652
0.000186896
0.000164577
0.000141288
0.000117646
9.42724e-05
7.17841e-05
5.07889e-05
3.18845e-05
1.56678e-05
2.75597e-06
6.17473e-06
1.03282e-05
8.70248e-06
0
0
9.04491e-06
1.19794e-05
1.03282e-05
5.07385e-06
3.10081e-06
1.36669e-05
2.61684e-05
4.01781e-05
5.52754e-05
7.1036e-05
8.703e-05
0.000102825
0.000117995
0.000132124
0.000144826
0.000155745
0.000164578
0.000171072
0.000175045
0.000176382
0.000175045
0.000171072
0.000164578
0.000155745
0.000144826
0.000132124
0.000117995
0.000102825
8.703e-05
7.1036e-05
5.52754e-05
4.01781e-05
2.61684e-05
1.36669e-05
3.10081e-06
5.07385e-06
1.03282e-05
1.19794e-05
9.04491e-06
0
0
6.64989e-06
9.04491e-06
8.70248e-06
6.35252e-06
2.42224e-06
2.78779e-06
9.03112e-06
1.60824e-05
2.37218e-05
3.17285e-05
3.98785e-05
4.79469e-05
5.57106e-05
6.29537e-05
6.94729e-05
7.50834e-05
7.96249e-05
8.29664e-05
8.5011e-05
8.56992e-05
8.5011e-05
8.29664e-05
7.96249e-05
7.50834e-05
6.94729e-05
6.29537e-05
5.57106e-05
4.79469e-05
3.98785e-05
3.17285e-05
2.37218e-05
1.60824e-05
9.03112e-06
2.78779e-06
2.42224e-06
6.35252e-06
8.70248e-06
9.04491e-06
6.64989e-06
0
0
0
0
0
0
0
0
0
0
0
0
0
0
0
0
0
0
0
0
0
0
0
0
0
0
0
0
0
0
0
0
0
0
0
0
0
0
0
0
0
0
