0.367879
0.405555
0.444858
0.485537
0.527292
0.569783
0.612626
0.655406
0.697676
0.738968
0.778801
0.816686
0.852144
0.884706
0.913931
0.939413
0.960789
0.977751
0.99005
0.997503
1
0.997503
0.99005
0.977751
0.960789
0.939413
0.913931
0.884706
0.852144
0.816686
0.778801
0.738968
0.697676
0.655406
0.612626
0.569783
0.527292
0.485537
0.444858
0.405555
0.367879
0.405555
0.447088
0.490417
0.535261
0.581293
0.628135
0.675366
0.722527
0.769126
0.814647
0.858559
0.900325
0.939413
0.97531
1.00753
1.03562
1.05919
1.07788
1.09144
1.09966
1.10241
1.09966
1.09144
1.07788
1.05919
1.03562
1.00753
0.97531
0.939413
0.900325
0.858559
0.814647
0.769126
0.722527
0.675366
0.628135
0.581293
0.535261
0.490417
0.447088
0.405555
0.444858
0.490417
0.537944
0.587135
0.637628
0.68901
0.740818
0.79255
0.843665
0.893597
0.941765
0.987578
1.03045
1.06983
1.10517
1.13598
1.16183
1.18235
1.19722
1.20623
1.20925
1.20623
1.19722
1.18235
1.16183
1.13598
1.10517
1.06983
1.03045
0.987578
0.941765
0.893597
0.843665
0.79255
0.740818
0.68901
0.637628
0.587135
0.537944
0.490417
0.444858
0.485537
0.535261
0.587135
0.640824
0.695934
0.752014
0.80856
0.865022
0.920811
0.97531
1.02788
1.07788
1.12468
1.16766
1.20623
1.23986
1.26807
1.29046
1.30669
1.31653
1.31983
1.31653
1.30669
1.29046
1.26807
1.23986
1.20623
1.16766
1.12468
1.07788
1.02788
0.97531
0.920811
0.865022
0.80856
0.752014
0.695934
0.640824
0.587135
0.535261
0.485537
0.527292
0.581293
0.637628
0.695934
0.755784
0.816686
0.878095
0.939413
1
1.05919
1.11628
1.17058
1.2214
1.26807
1.30996
1.34649
1.37713
1.40144
1.41907
1.42975
1.43333
1.42975
1.41907
1.40144
1.37713
1.34649
1.30996
1.26807
1.2214
1.17058
1.11628
1.05919
1
0.939413
0.878095
0.816686
0.755784
0.695934
0.637628
0.581293
0.527292
0.569783
0.628135
0.68901
0.752014
0.816686
0.882497
0.948854
1.01511
1.08058
1.14454
1.20623
1.26491
1.31983
1.37026
1.41552
1.45499
1.4881
1.51437
1.53342
1.54496
1.54883
1.54496
1.53342
1.51437
1.4881
1.45499
1.41552
1.37026
1.31983
1.26491
1.20623
1.14454
1.08058
1.01511
0.948854
0.882497
0.816686
0.752014
0.68901
0.628135
0.569783
0.612626
0.675366
0.740818
0.80856
0.878095
0.948854
1.0202
1.09144
1.16183
1.2306
1.29693
1.36002
1.41907
1.47329
1.52196
1.5644
1.59999
1.62824
1.64872
1.66113
1.66529
1.66113
1.64872
1.62824
1.59999
1.5644
1.52196
1.47329
1.41907
1.36002
1.29693
1.2306
1.16183
1.09144
1.0202
0.948854
0.878095
0.80856
0.740818
0.675366
0.612626
0.655406
0.722527
0.79255
0.865022
0.939413
1.01511
1.09144
1.16766
1.24297
1.31653
1.3875
1.45499
1.51816
1.57617
1.62824
1.67364
1.71172
1.74194
1.76385
1.77713
1.78158
1.77713
1.76385
1.74194
1.71172
1.67364
1.62824
1.57617
1.51816
1.45499
1.3875
1.31653
1.24297
1.16766
1.09144
1.01511
0.939413
0.865022
0.79255
0.722527
0.655406
0.697676
0.769126
0.843665
0.920811
1
1.08058
1.16183
1.24297
1.32313
1.40144
1.47698
1.54883
1.61607
1.67783
1.73325
1.78158
1.82212
1.85429
1.87761
1.89175
1.89648
1.89175
1.87761
1.85429
1.82212
1.78158
1.73325
1.67783
1.61607
1.54883
1.47698
1.40144
1.32313
1.24297
1.16183
1.08058
1
0.920811
0.843665
0.769126
0.697676
0.738968
0.814647
0.893597
0.97531
1.05919
1.14454
1.2306
1.31653
1.40144
1.48438
1.5644
1.6405
1.71172
1.77713
1.83584
1.88702
1.92996
1.96403
1.98874
2.00371
2.00872
2.00371
1.98874
1.96403
1.92996
1.88702
1.83584
1.77713
1.71172
1.6405
1.5644
1.48438
1.40144
1.31653
1.2306
1.14454
1.05919
0.97531
0.893597
0.814647
0.738968
0.778801
0.858559
0.941765
1.02788
1.11628
1.20623
1.29693
1.3875
1.47698
1.5644
1.64872
1.72893
1.80399
1.87292
1.93479
1.98874
2.03399
2.0699
2.09594
2.11171
2.117
2.11171
2.09594
2.0699
2.03399
1.98874
1.93479
1.87292
1.80399
1.72893
1.64872
1.5644
1.47698
1.3875
1.29693
1.20623
1.11628
1.02788
0.941765
0.858559
0.778801
0.816686
0.900325
0.987578
1.07788
1.17058
1.26491
1.36002
1.45499
1.54883
1.6405
1.72893
1.81303
1.89175
1.96403
2.02891
2.08548
2.13294
2.17059
2.19789
2.21444
2.21998
2.21444
2.19789
2.17059
2.13294
2.08548
2.02891
1.96403
1.89175
1.81303
1.72893
1.6405
1.54883
1.45499
1.36002
1.26491
1.17058
1.07788
0.987578
0.900325
0.816686
0.852144
0.939413
1.03045
1.12468
1.2214
1.31983
1.41907
1.51816
1.61607
1.71172
1.80399
1.89175
1.97388
2.0493
2.117
2.17603
2.22554
2.26483
2.29332
2.31058
2.31637
2.31058
2.29332
2.26483
2.22554
2.17603
2.117
2.0493
1.97388
1.89175
1.80399
1.71172
1.61607
1.51816
1.41907
1.31983
1.2214
1.12468
1.03045
0.939413
0.852144
0.884706
0.97531
1.06983
1.16766
1.26807
1.37026
1.47329
1.57617
1.67783
1.77713
1.87292
1.96403
2.0493
2.12761
2.19789
2.25918
2.31058
2.35137
2.38095
2.39888
2.40488
2.39888
2.38095
2.35137
2.31058
2.25918
2.19789
2.12761
2.0493
1.96403
1.87292
1.77713
1.67783
1.57617
1.47329
1.37026
1.26807
1.16766
1.06983
0.97531
0.884706
0.913931
1.00753
1.10517
1.20623
1.30996
1.41552
1.52196
1.62824
1.73325
1.83584
1.93479
2.02891
2.117
2.19789
2.2705
2.33381
2.38691
2.42905
2.4596
2.47812
2.48432
2.47812
2.4596
2.42905
2.38691
2.33381
2.2705
2.19789
2.117
2.02891
1.93479
1.83584
1.73325
1.62824
1.52196
1.41552
1.30996
1.20623
1.10517
1.00753
0.913931
0.939413
1.03562
1.13598
1.23986
1.34649
1.45499
1.5644
1.67364
1.78158
1.88702
1.98874
2.08548
2.17603
2.25918
2.33381
2.39888
2.45346
2.49678
2.52818
2.54721
2.55359
2.54721
2.52818
2.49678
2.45346
2.39888
2.33381
2.25918
2.17603
2.08548
1.98874
1.88702
1.78158
1.67364
1.5644
1.45499
1.34649
1.23986
1.13598
1.03562
0.939413
0.960789
1.05919
1.16183
1.26807
1.37713
1.4881
1.59999
1.71172
1.82212
1.92996
2.03399
2.13294
2.22554
2.31058
2.38691
2.45346
2.50929
2.55359
2.58571
2.60518
2.6117
2.60518
2.58571
2.55359
2.50929
2.45346
2.38691
2.31058
2.22554
2.13294
2.03399
1.92996
1.82212
1.71172
1.59999
1.4881
1.37713
1.26807
1.16183
1.05919
0.960789
0.977751
1.07788
1.18235
1.29046
1.40144
1.51437
1.62824
1.74194
1.85429
1.96403
2.0699
2.17059
2.26483
2.35137
2.42905
2.49678
2.55359
2.59867
2.63136
2.65117
2.6578
2.65117
2.63136
2.59867
2.55359
2.49678
2.42905
2.35137
2.26483
2.17059
2.0699
1.96403
1.85429
1.74194
1.62824
1.51437
1.40144
1.29046
1.18235
1.07788
0.977751
0.99005
1.09144
1.19722
1.30669
1.41907
1.53342
1.64872
1.76385
1.87761
1.98874
2.09594
2.19789
2.29332
2.38095
2.4596
2.52818
2.58571
2.63136
2.66446
2.68451
2.69123
2.68451
2.66446
2.63136
2.58571
2.52818
2.4596
2.38095
2.29332
2.19789
2.09594
1.98874
1.87761
1.76385
1.64872
1.53342
1.41907
1.30669
1.19722
1.09144
0.99005
0.997503
1.09966
1.20623
1.31653
1.42975
1.54496
1.66113
1.77713
1.89175
2.00371
2.11171
2.21444
2.31058
2.39888
2.47812
2.54721
2.60518
2.65117
2.68451
2.70472
2.71149
2.70472
2.68451
2.65117
2.60518
2.54721
2.47812
2.39888
2.31058
2.21444
2.11171
2.00371
1.89175
1.77713
1.66113
1.54496
1.42975
1.31653
1.20623
1.09966
0.997503
1
1.10241
1.20925
1.31983
1.43333
1.54883
1.66529
1.78158
1.89648
2.00872
2.117
2.21998
2.31637
2.40488
2.48432
2.55359
2.6117
2.6578
2.69123
2.71149
2.71828
2.71149
2.69123
2.6578
2.6117
2.55359
2.48432
2.40488
2.31637
2.21998
2.117
2.00872
1.89648
1.78158
1.66529
1.54883
1.43333
1.31983
1.20925
1.10241
1
0.997503
1.09966
1.20623
1.31653
1.42975
1.54496
1.66113
1.77713
1.89175
2.00371
2.11171
2.21444
2.31058
2.39888
2.47812
2.54721
2.60518
2.65117
2.68451
2.70472
2.71149
2.70472
2.68451
2.65117
2.60518
2.54721
2.47812
2.39888
2.31058
2.21444
2.11171
2.00371
1.89175
1.77713
1.66113
1.54496
1.42975
1.31653
1.20623
1.09966
0.997503
0.99005
1.09144
1.19722
1.30669
1.41907
1.53342
1.64872
1.76385
1.87761
1.98874
2.09594
2.19789
2.29332
2.38095
2.4596
2.52818
2.58571
2.63136
2.66446
2.68451
2.69123
2.68451
2.66446
2.63136
2.58571
2.52818
2.4596
2.38095
2.29332
2.19789
2.09594
1.98874
1.87761
1.76385
1.64872
1.53342
1.41907
1.30669
1.19722
1.09144
0.99005
0.977751
1.07788
1.18235
1.29046
1.40144
1.51437
1.62824
1.74194
1.85429
1.96403
2.0699
2.17059
2.26483
2.35137
2.42905
2.49678
2.55359
2.59867
2.63136
2.65117
2.6578
2.65117
2.63136
2.59867
2.55359
2.49678
2.42905
2.35137
2.26483
2.17059
2.0699
1.96403
1.85429
1.74194
1.62824
1.51437
1.40144
1.29046
1.18235
1.07788
0.977751
0.960789
1.05919
1.16183
1.26807
1.37713
1.4881
1.59999
1.71172
1.82212
1.92996
2.03399
2.13294
2.22554
2.31058
2.38691
2.45346
2.50929
2.55359
2.58571
2.60518
2.6117
2.60518
2.58571
2.55359
2.50929
2.45346
2.38691
2.31058
2.22554
2.13294
2.03399
1.92996
1.82212
1.71172
1.59999
1.4881
1.37713
1.26807
1.16183
1.05919
0.960789
0.939413
1.03562
1.13598
1.23986
1.34649
1.45499
1.5644
1.67364
1.78158
1.88702
1.98874
2.08548
2.17603
2.25918
2.33381
2.39888
2.45346
2.49678
2.52818
2.54721
2.55359
2.54721
2.52818
2.49678
2.45346
2.39888
2.33381
2.25918
2.17603
2.08548
1.98874
1.88702
1.78158
1.67364
1.5644
1.45499
1.34649
1.23986
1.13598
1.03562
0.939413
0.913931
1.00753
1.10517
1.20623
1.30996
1.41552
1.52196
1.62824
1.73325
1.83584
1.93479
2.02891
2.117
2.19789
2.2705
2.33381
2.38691
2.42905
2.4596
2.47812
2.48432
2.47812
2.4596
2.42905
2.38691
2.33381
2.2705
2.19789
2.117
2.02891
1.93479
1.83584
1.73325
1.62824
1.52196
1.41552
1.30996
1.20623
1.10517
1.00753
0.913931
0.884706
0.97531
1.06983
1.16766
1.26807
1.37026
1.47329
1.57617
1.67783
1.77713
1.87292
1.96403
2.0493
2.12761
2.19789
2.25918
2.31058
2.35137
2.38095
2.39888
2.40488
2.39888
2.38095
2.35137
2.31058
2.25918
2.19789
2.12761
2.0493
1.96403
1.87292
1.77713
1.67783
1.57617
1.47329
1.37026
1.26807
1.16766
1.06983
0.97531
0.884706
0.852144
0.939413
1.03045
1.12468
1.2214
1.31983
1.41907
1.51816
1.61607
1.71172
1.80399
1.89175
1.97388
2.0493
2.117
2.17603
2.22554
2.26483
2.29332
2.31058
2.31637
2.31058
2.29332
2.26483
2.22554
2.17603
2.117
2.0493
1.97388
1.89175
1.80399
1.71172
1.61607
1.51816
1.41907
1.31983
1.2214
1.12468
1.03045
0.939413
0.852144
0.816686
0.900325
0.987578
1.07788
1.17058
1.26491
1.36002
1.45499
1.54883
1.6405
1.72893
1.81303
1.89175
1.96403
2.02891
2.08548
2.13294
2.17059
2.19789
2.21444
2.21998
2.21444
2.19789
2.17059
2.13294
2.08548
2.02891
1.96403
1.89175
1.81303
1.72893
1.6405
1.54883
1.45499
1.36002
1.26491
1.17058
1.07788
0.987578
0.900325
0.816686
0.778801
0.858559
0.941765
1.02788
1.11628
1.20623
1.29693
1.3875
1.47698
1.5644
1.64872
1.72893
1.80399
1.87292
1.93479
1.98874
2.03399
2.0699
2.09594
2.11171
2.117
2.11171
2.09594
2.0699
2.03399
1.98874
1.93479
1.87292
1.80399
1.72893
1.64872
1.5644
1.47698
1.3875
1.29693
1.20623
1.11628
1.02788
0.941765
0.858559
0.778801
0.738968
0.814647
0.893597
0.97531
1.05919
1.14454
1.2306
1.31653
1.40144
1.48438
1.5644
1.6405
1.71172
1.77713
1.83584
1.88702
1.92996
1.96403
1.98874
2.00371
2.00872
2.00371
1.98874
1.96403
1.92996
1.88702
1.83584
1.77713
1.71172
1.6405
1.5644
1.48438
1.40144
1.31653
1.2306
1.14454
1.05919
0.97531
0.893597
0.814647
0.738968
0.697676
0.769126
0.843665
0.920811
1
1.08058
1.16183
1.24297
1.32313
1.40144
1.47698
1.54883
1.61607
1.67783
1.73325
1.78158
1.82212
1.85429
1.87761
1.89175
1.89648
1.89175
1.87761
1.85429
1.82212
1.78158
1.73325
1.67783
1.61607
1.54883
1.47698
1.40144
1.32313
1.24297
1.16183
1.08058
1
0.920811
0.843665
0.769126
0.697676
0.655406
0.722527
0.79255
0.865022
0.939413
1.01511
1.09144
1.16766
1.24297
1.31653
1.3875
1.45499
1.51816
1.57617
1.62824
1.67364
1.71172
1.74194
1.76385
1.77713
1.78158
1.77713
1.76385
1.74194
1.71172
1.67364
1.62824
1.57617
1.51816
1.45499
1.3875
1.31653
1.24297
1.16766
1.09144
1.01511
0.939413
0.865022
0.79255
0.722527
0.655406
0.612626
0.675366
0.740818
0.80856
0.878095
0.948854
1.0202
1.09144
1.16183
1.2306
1.29693
1.36002
1.41907
1.47329
1.52196
1.5644
1.59999
1.62824
1.64872
1.66113
1.66529
1.66113
1.64872
1.62824
1.59999
1.5644
1.52196
1.47329
1.41907
1.36002
1.29693
1.2306
1.16183
1.09144
1.0202
0.948854
0.878095
0.80856
0.740818
0.675366
0.612626
0.569783
0.628135
0.68901
0.752014
0.816686
0.882497
0.948854
1.01511
1.08058
1.14454
1.20623
1.26491
1.31983
1.37026
1.41552
1.45499
1.4881
1.51437
1.53342
1.54496
1.54883
1.54496
1.53342
1.51437
1.4881
1.45499
1.41552
1.37026
1.31983
1.26491
1.20623
1.14454
1.08058
1.01511
0.948854
0.882497
0.816686
0.752014
0.68901
0.628135
0.569783
0.527292
0.581293
0.637628
0.695934
0.755784
0.816686
0.878095
0.939413
1
1.05919
1.11628
1.17058
1.2214
1.26807
1.30996
1.34649
1.37713
1.40144
1.41907
1.42975
1.43333
1.42975
1.41907
1.40144
1.37713
1.34649
1.30996
1.26807
1.2214
1.17058
1.11628
1.05919
1
0.939413
0.878095
0.816686
0.755784
0.695934
0.637628
0.581293
0.527292
0.485537
0.535261
0.587135
0.640824
0.695934
0.752014
0.80856
0.865022
0.920811
0.97531
1.02788
1.07788
1.12468
1.16766
1.20623
1.23986
1.26807
1.29046
1.30669
1.31653
1.31983
1.31653
1.30669
1.29046
1.26807
1.23986
1.20623
1.16766
1.12468
1.07788
1.02788
0.97531
0.920811
0.865022
0.80856
0.752014
0.695934
0.640824
0.587135
0.535261
0.485537
0.444858
0.490417
0.537944
0.587135
0.637628
0.68901
0.740818
0.79255
0.843665
0.893597
0.941765
0.987578
1.03045
1.06983
1.10517
1.13598
1.16183
1.18235
1.19722
1.20623
1.20925
1.20623
1.19722
1.18235
1.16183
1.13598
1.10517
1.06983
1.03045
0.987578
0.941765
0.893597
0.843665
0.79255
0.740818
0.68901
0.637628
0.587135
0.537944
0.490417
0.444858
0.405555
0.447088
0.490417
0.535261
0.581293
0.628135
0.675366
0.722527
0.769126
0.814647
0.858559
0.900325
0.939413
0.97531
1.00753
1.03562
1.05919
1.07788
1.09144
1.09966
1.10241
1.09966
1.09144
1.07788
1.05919
1.03562
1.00753
0.97531
0.939413
0.900325
0.858559
0.814647
0.769126
0.722527
0.675366
0.628135
0.581293
0.535261
0.490417
0.447088
0.405555
0.367879
0.405555
0.444858
0.485537
0.527292
0.569783
0.612626
0.655406
0.697676
0.738968
0.778801
0.816686
0.852144
0.884706
0.913931
0.939413
0.960789
0.977751
0.99005
0.997503
1
0.997503
0.99005
0.977751
0.960789
0.939413
0.913931
0.884706
0.852144
0.816686
0.778801
0.738968
0.697676
0.655406
0.612626
0.569783
0.527292
0.485537
0.444858
0.405555
0.367879
