40
40
0.367879
0.405555
0.444858
0.485537
0.527292
0.569783
0.612626
0.655406
0.697676
0.738968
0.778801
0.816686
0.852144
0.884706
0.913931
0.939413
0.960789
0.977751
0.99005
0.997503
1
0.997503
0.99005
0.977751
0.960789
0.939413
0.913931
0.884706
0.852144
0.816686
0.778801
0.738968
0.697676
0.655406
0.612626
0.569783
0.527292
0.485537
0.444858
0.405555
0.367879
0.405555
0.447081
0.490408
0.535253
0.581287
0.628133
0.675369
0.722536
0.769142
0.814671
0.858591
0.900364
0.939461
0.975366
1.00759
1.03569
1.05926
1.07796
1.09153
1.09974
1.1025
1.09974
1.09153
1.07796
1.05926
1.03569
1.00759
0.975366
0.939461
0.900364
0.858591
0.814671
0.769142
0.722536
0.675369
0.628133
0.581287
0.535253
0.490408
0.447081
0.405555
0.444858
0.490408
0.537932
0.587125
0.637623
0.689013
0.740832
0.792576
0.843705
0.893653
0.941836
0.987665
1.03056
1.06995
1.1053
1.13613
1.16199
1.18251
1.19739
1.20641
1.20943
1.20641
1.19739
1.18251
1.16199
1.13613
1.1053
1.06995
1.03056
0.987665
0.941836
0.893653
0.843705
0.792576
0.740832
0.689013
0.637623
0.587125
0.537932
0.490408
0.444858
0.485537
0.535253
0.587125
0.640818
0.695937
0.75203
0.808592
0.865073
0.920883
0.975404
1.028
1.07803
1.12485
1.16784
1.20644
1.24009
1.26832
1.29072
1.30696
1.3168
1.3201
1.3168
1.30696
1.29072
1.26832
1.24009
1.20644
1.16784
1.12485
1.07803
1.028
0.975404
0.920883
0.865073
0.808592
0.75203
0.695937
0.640818
0.587125
0.535253
0.485537
0.527292
0.581287
0.637623
0.695937
0.7558
0.816721
0.878152
0.939495
1.00011
1.05933
1.11645
1.17078
1.22164
1.26834
1.31025
1.3468
1.37746
1.40179
1.41943
1.43012
1.4337
1.43012
1.41943
1.40179
1.37746
1.3468
1.31025
1.26834
1.22164
1.17078
1.11645
1.05933
1.00011
0.939495
0.878152
0.816721
0.7558
0.695937
0.637623
0.581287
0.527292
0.569783
0.628133
0.689013
0.75203
0.816721
0.882555
0.948942
1.01523
1.08074
1.14473
1.20646
1.26518
1.32013
1.3706
1.4159
1.4554
1.48853
1.51482
1.53389
1.54544
1.54931
1.54544
1.53389
1.51482
1.48853
1.4554
1.4159
1.3706
1.32013
1.26518
1.20646
1.14473
1.08074
1.01523
0.948942
0.882555
0.816721
0.75203
0.689013
0.628133
0.569783
0.612626
0.675369
0.740832
0.808592
0.878152
0.948942
1.02032
1.0916
1.16204
1.23085
1.29723
1.36036
1.41945
1.47372
1.52243
1.5649
1.60053
1.6288
1.6493
1.66172
1.66588
1.66172
1.6493
1.6288
1.60053
1.5649
1.52243
1.47372
1.41945
1.36036
1.29723
1.23085
1.16204
1.0916
1.02032
0.948942
0.878152
0.808592
0.740832
0.675369
0.612626
0.655406
0.722536
0.792576
0.865073
0.939495
1.01523
1.0916
1.16787
1.24322
1.31684
1.38786
1.45541
1.51863
1.57669
1.62881
1.67425
1.71236
1.74261
1.76454
1.77783
1.78229
1.77783
1.76454
1.74261
1.71236
1.67425
1.62881
1.57669
1.51863
1.45541
1.38786
1.31684
1.24322
1.16787
1.0916
1.01523
0.939495
0.865073
0.792576
0.722536
0.655406
0.697676
0.769142
0.843705
0.920883
1.00011
1.08074
1.16204
1.24322
1.32345
1.40182
1.47742
1.54933
1.61663
1.67844
1.73392
1.78229
1.82287
1.85507
1.87842
1.89257
1.89731
1.89257
1.87842
1.85507
1.82287
1.78229
1.73392
1.67844
1.61663
1.54933
1.47742
1.40182
1.32345
1.24322
1.16204
1.08074
1.00011
0.920883
0.843705
0.769142
0.697676
0.738968
0.814671
0.893653
0.975404
1.05933
1.14473
1.23085
1.31684
1.40182
1.48483
1.56491
1.64108
1.71237
1.77784
1.8366
1.88784
1.93082
1.96493
1.98966
2.00465
2.00967
2.00465
1.98966
1.96493
1.93082
1.88784
1.8366
1.77784
1.71237
1.64108
1.56491
1.48483
1.40182
1.31684
1.23085
1.14473
1.05933
0.975404
0.893653
0.814671
0.738968
0.778801
0.858591
0.941836
1.028
1.11645
1.20646
1.29723
1.38786
1.47742
1.56491
1.64931
1.72959
1.80472
1.87373
1.93566
1.98966
2.03496
2.07091
2.09697
2.11277
2.11806
2.11277
2.09697
2.07091
2.03496
1.98966
1.93566
1.87373
1.80472
1.72959
1.64931
1.56491
1.47742
1.38786
1.29723
1.20646
1.11645
1.028
0.941836
0.858591
0.778801
0.816686
0.900364
0.987665
1.07803
1.17078
1.26518
1.36036
1.45541
1.54933
1.64108
1.72959
1.81378
1.89257
1.96493
2.02988
2.08651
2.13402
2.17171
2.19905
2.21561
2.22116
2.21561
2.19905
2.17171
2.13402
2.08651
2.02988
1.96493
1.89257
1.81378
1.72959
1.64108
1.54933
1.45541
1.36036
1.26518
1.17078
1.07803
0.987665
0.900364
0.816686
0.852144
0.939461
1.03056
1.12485
1.22164
1.32013
1.41945
1.51863
1.61663
1.71237
1.80472
1.89257
1.97479
2.05029
2.11806
2.17715
2.22672
2.26606
2.29458
2.31186
2.31765
2.31186
2.29458
2.26606
2.22672
2.17715
2.11806
2.05029
1.97479
1.89257
1.80472
1.71237
1.61663
1.51863
1.41945
1.32013
1.22164
1.12485
1.03056
0.939461
0.852144
0.884706
0.975366
1.06995
1.16784
1.26834
1.3706
1.47372
1.57669
1.67844
1.77784
1.87373
1.96493
2.05029
2.12868
2.19905
2.2604
2.31186
2.3527
2.38231
2.40026
2.40627
2.40026
2.38231
2.3527
2.31186
2.2604
2.19905
2.12868
2.05029
1.96493
1.87373
1.77784
1.67844
1.57669
1.47372
1.3706
1.26834
1.16784
1.06995
0.975366
0.884706
0.913931
1.00759
1.1053
1.20644
1.31025
1.4159
1.52243
1.62881
1.73392
1.8366
1.93566
2.02988
2.11806
2.19905
2.27173
2.33511
2.38828
2.43047
2.46106
2.47959
2.4858
2.47959
2.46106
2.43047
2.38828
2.33511
2.27173
2.19905
2.11806
2.02988
1.93566
1.8366
1.73392
1.62881
1.52243
1.4159
1.31025
1.20644
1.1053
1.00759
0.913931
0.939413
1.03569
1.13613
1.24009
1.3468
1.4554
1.5649
1.67425
1.78229
1.88784
1.98966
2.08651
2.17715
2.2604
2.33511
2.40026
2.45491
2.49827
2.52972
2.54877
2.55515
2.54877
2.52972
2.49827
2.45491
2.40026
2.33511
2.2604
2.17715
2.08651
1.98966
1.88784
1.78229
1.67425
1.5649
1.4554
1.3468
1.24009
1.13613
1.03569
0.939413
0.960789
1.05926
1.16199
1.26832
1.37746
1.48853
1.60053
1.71236
1.82287
1.93082
2.03496
2.13402
2.22672
2.31186
2.38828
2.45491
2.5108
2.55515
2.58731
2.6068
2.61333
2.6068
2.58731
2.55515
2.5108
2.45491
2.38828
2.31186
2.22672
2.13402
2.03496
1.93082
1.82287
1.71236
1.60053
1.48853
1.37746
1.26832
1.16199
1.05926
0.960789
0.977751
1.07796
1.18251
1.29072
1.40179
1.51482
1.6288
1.74261
1.85507
1.96493
2.07091
2.17171
2.26606
2.3527
2.43047
2.49827
2.55515
2.60029
2.63302
2.65285
2.6595
2.65285
2.63302
2.60029
2.55515
2.49827
2.43047
2.3527
2.26606
2.17171
2.07091
1.96493
1.85507
1.74261
1.6288
1.51482
1.40179
1.29072
1.18251
1.07796
0.977751
0.99005
1.09153
1.19739
1.30696
1.41943
1.53389
1.6493
1.76454
1.87842
1.98966
2.09697
2.19905
2.29458
2.38231
2.46106
2.52972
2.58731
2.63302
2.66616
2.68624
2.69297
2.68624
2.66616
2.63302
2.58731
2.52972
2.46106
2.38231
2.29458
2.19905
2.09697
1.98966
1.87842
1.76454
1.6493
1.53389
1.41943
1.30696
1.19739
1.09153
0.99005
0.997503
1.09974
1.20641
1.3168
1.43012
1.54544
1.66172
1.77783
1.89257
2.00465
2.11277
2.21561
2.31186
2.40026
2.47959
2.54877
2.6068
2.65285
2.68624
2.70648
2.71325
2.70648
2.68624
2.65285
2.6068
2.54877
2.47959
2.40026
2.31186
2.21561
2.11277
2.00465
1.89257
1.77783
1.66172
1.54544
1.43012
1.3168
1.20641
1.09974
0.997503
1
1.1025
1.20943
1.3201
1.4337
1.54931
1.66588
1.78229
1.89731
2.00967
2.11806
2.22116
2.31765
2.40627
2.4858
2.55515
2.61333
2.6595
2.69297
2.71325
2.72005
2.71325
2.69297
2.6595
2.61333
2.55515
2.4858
2.40627
2.31765
2.22116
2.11806
2.00967
1.89731
1.78229
1.66588
1.54931
1.4337
1.3201
1.20943
1.1025
1
0.997503
1.09974
1.20641
1.3168
1.43012
1.54544
1.66172
1.77783
1.89257
2.00465
2.11277
2.21561
2.31186
2.40026
2.47959
2.54877
2.6068
2.65285
2.68624
2.70648
2.71325
2.70648
2.68624
2.65285
2.6068
2.54877
2.47959
2.40026
2.31186
2.21561
2.11277
2.00465
1.89257
1.77783
1.66172
1.54544
1.43012
1.3168
1.20641
1.09974
0.997503
0.99005
1.09153
1.19739
1.30696
1.41943
1.53389
1.6493
1.76454
1.87842
1.98966
2.09697
2.19905
2.29458
2.38231
2.46106
2.52972
2.58731
2.63302
2.66616
2.68624
2.69297
2.68624
2.66616
2.63302
2.58731
2.52972
2.46106
2.38231
2.29458
2.19905
2.09697
1.98966
1.87842
1.76454
1.6493
1.53389
1.41943
1.30696
1.19739
1.09153
0.99005
0.977751
1.07796
1.18251
1.29072
1.40179
1.51482
1.6288
1.74261
1.85507
1.96493
2.07091
2.17171
2.26606
2.3527
2.43047
2.49827
2.55515
2.60029
2.63302
2.65285
2.6595
2.65285
2.63302
2.60029
2.55515
2.49827
2.43047
2.3527
2.26606
2.17171
2.07091
1.96493
1.85507
1.74261
1.6288
1.51482
1.40179
1.29072
1.18251
1.07796
0.977751
0.960789
1.05926
1.16199
1.26832
1.37746
1.48853
1.60053
1.71236
1.82287
1.93082
2.03496
2.13402
2.22672
2.31186
2.38828
2.45491
2.5108
2.55515
2.58731
2.6068
2.61333
2.6068
2.58731
2.55515
2.5108
2.45491
2.38828
2.31186
2.22672
2.13402
2.03496
1.93082
1.82287
1.71236
1.60053
1.48853
1.37746
1.26832
1.16199
1.05926
0.960789
0.939413
1.03569
1.13613
1.24009
1.3468
1.4554
1.5649
1.67425
1.78229
1.88784
1.98966
2.08651
2.17715
2.2604
2.33511
2.40026
2.45491
2.49827
2.52972
2.54877
2.55515
2.54877
2.52972
2.49827
2.45491
2.40026
2.33511
2.2604
2.17715
2.08651
1.98966
1.88784
1.78229
1.67425
1.5649
1.4554
1.3468
1.24009
1.13613
1.03569
0.939413
0.913931
1.00759
1.1053
1.20644
1.31025
1.4159
1.52243
1.62881
1.73392
1.8366
1.93566
2.02988
2.11806
2.19905
2.27173
2.33511
2.38828
2.43047
2.46106
2.47959
2.4858
2.47959
2.46106
2.43047
2.38828
2.33511
2.27173
2.19905
2.11806
2.02988
1.93566
1.8366
1.73392
1.62881
1.52243
1.4159
1.31025
1.20644
1.1053
1.00759
0.913931
0.884706
0.975366
1.06995
1.16784
1.26834
1.3706
1.47372
1.57669
1.67844
1.77784
1.87373
1.96493
2.05029
2.12868
2.19905
2.2604
2.31186
2.3527
2.38231
2.40026
2.40627
2.40026
2.38231
2.3527
2.31186
2.2604
2.19905
2.12868
2.05029
1.96493
1.87373
1.77784
1.67844
1.57669
1.47372
1.3706
1.26834
1.16784
1.06995
0.975366
0.884706
0.852144
0.939461
1.03056
1.12485
1.22164
1.32013
1.41945
1.51863
1.61663
1.71237
1.80472
1.89257
1.97479
2.05029
2.11806
2.17715
2.22672
2.26606
2.29458
2.31186
2.31765
2.31186
2.29458
2.26606
2.22672
2.17715
2.11806
2.05029
1.97479
1.89257
1.80472
1.71237
1.61663
1.51863
1.41945
1.32013
1.22164
1.12485
1.03056
0.939461
0.852144
0.816686
0.900364
0.987665
1.07803
1.17078
1.26518
1.36036
1.45541
1.54933
1.64108
1.72959
1.81378
1.89257
1.96493
2.02988
2.08651
2.13402
2.17171
2.19905
2.21561
2.22116
2.21561
2.19905
2.17171
2.13402
2.08651
2.02988
1.96493
1.89257
1.81378
1.72959
1.64108
1.54933
1.45541
1.36036
1.26518
1.17078
1.07803
0.987665
0.900364
0.816686
0.778801
0.858591
0.941836
1.028
1.11645
1.20646
1.29723
1.38786
1.47742
1.56491
1.64931
1.72959
1.80472
1.87373
1.93566
1.98966
2.03496
2.07091
2.09697
2.11277
2.11806
2.11277
2.09697
2.07091
2.03496
1.98966
1.93566
1.87373
1.80472
1.72959
1.64931
1.56491
1.47742
1.38786
1.29723
1.20646
1.11645
1.028
0.941836
0.858591
0.778801
0.738968
0.814671
0.893653
0.975404
1.05933
1.14473
1.23085
1.31684
1.40182
1.48483
1.56491
1.64108
1.71237
1.77784
1.8366
1.88784
1.93082
1.96493
1.98966
2.00465
2.00967
2.00465
1.98966
1.96493
1.93082
1.88784
1.8366
1.77784
1.71237
1.64108
1.56491
1.48483
1.40182
1.31684
1.23085
1.14473
1.05933
0.975404
0.893653
0.814671
0.738968
0.697676
0.769142
0.843705
0.920883
1.00011
1.08074
1.16204
1.24322
1.32345
1.40182
1.47742
1.54933
1.61663
1.67844
1.73392
1.78229
1.82287
1.85507
1.87842
1.89257
1.89731
1.89257
1.87842
1.85507
1.82287
1.78229
1.73392
1.67844
1.61663
1.54933
1.47742
1.40182
1.32345
1.24322
1.16204
1.08074
1.00011
0.920883
0.843705
0.769142
0.697676
0.655406
0.722536
0.792576
0.865073
0.939495
1.01523
1.0916
1.16787
1.24322
1.31684
1.38786
1.45541
1.51863
1.57669
1.62881
1.67425
1.71236
1.74261
1.76454
1.77783
1.78229
1.77783
1.76454
1.74261
1.71236
1.67425
1.62881
1.57669
1.51863
1.45541
1.38786
1.31684
1.24322
1.16787
1.0916
1.01523
0.939495
0.865073
0.792576
0.722536
0.655406
0.612626
0.675369
0.740832
0.808592
0.878152
0.948942
1.02032
1.0916
1.16204
1.23085
1.29723
1.36036
1.41945
1.47372
1.52243
1.5649
1.60053
1.6288
1.6493
1.66172
1.66588
1.66172
1.6493
1.6288
1.60053
1.5649
1.52243
1.47372
1.41945
1.36036
1.29723
1.23085
1.16204
1.0916
1.02032
0.948942
0.878152
0.808592
0.740832
0.675369
0.612626
0.569783
0.628133
0.689013
0.75203
0.816721
0.882555
0.948942
1.01523
1.08074
1.14473
1.20646
1.26518
1.32013
1.3706
1.4159
1.4554
1.48853
1.51482
1.53389
1.54544
1.54931
1.54544
1.53389
1.51482
1.48853
1.4554
1.4159
1.3706
1.32013
1.26518
1.20646
1.14473
1.08074
1.01523
0.948942
0.882555
0.816721
0.75203
0.689013
0.628133
0.569783
0.527292
0.581287
0.637623
0.695937
0.7558
0.816721
0.878152
0.939495
1.00011
1.05933
1.11645
1.17078
1.22164
1.26834
1.31025
1.3468
1.37746
1.40179
1.41943
1.43012
1.4337
1.43012
1.41943
1.40179
1.37746
1.3468
1.31025
1.26834
1.22164
1.17078
1.11645
1.05933
1.00011
0.939495
0.878152
0.816721
0.7558
0.695937
0.637623
0.581287
0.527292
0.485537
0.535253
0.587125
0.640818
0.695937
0.75203
0.808592
0.865073
0.920883
0.975404
1.028
1.07803
1.12485
1.16784
1.20644
1.24009
1.26832
1.29072
1.30696
1.3168
1.3201
1.3168
1.30696
1.29072
1.26832
1.24009
1.20644
1.16784
1.12485
1.07803
1.028
0.975404
0.920883
0.865073
0.808592
0.75203
0.695937
0.640818
0.587125
0.535253
0.485537
0.444858
0.490408
0.537932
0.587125
0.637623
0.689013
0.740832
0.792576
0.843705
0.893653
0.941836
0.987665
1.03056
1.06995
1.1053
1.13613
1.16199
1.18251
1.19739
1.20641
1.20943
1.20641
1.19739
1.18251
1.16199
1.13613
1.1053
1.06995
1.03056
0.987665
0.941836
0.893653
0.843705
0.792576
0.740832
0.689013
0.637623
0.587125
0.537932
0.490408
0.444858
0.405555
0.447081
0.490408
0.535253
0.581287
0.628133
0.675369
0.722536
0.769142
0.814671
0.858591
0.900364
0.939461
0.975366
1.00759
1.03569
1.05926
1.07796
1.09153
1.09974
1.1025
1.09974
1.09153
1.07796
1.05926
1.03569
1.00759
0.975366
0.939461
0.900364
0.858591
0.814671
0.769142
0.722536
0.675369
0.628133
0.581287
0.535253
0.490408
0.447081
0.405555
0.367879
0.405555
0.444858
0.485537
0.527292
0.569783
0.612626
0.655406
0.697676
0.738968
0.778801
0.816686
0.852144
0.884706
0.913931
0.939413
0.960789
0.977751
0.99005
0.997503
1
0.997503
0.99005
0.977751
0.960789
0.939413
0.913931
0.884706
0.852144
0.816686
0.778801
0.738968
0.697676
0.655406
0.612626
0.569783
0.527292
0.485537
0.444858
0.405555
0.367879
