80
80
0
0.0784591
0.156434
0.233445
0.309017
0.382683
0.45399
0.522499
0.587785
0.649448
0.707107
0.760406
0.809017
0.85264
0.891007
0.92388
0.951057
0.97237
0.987688
0.996917
1
0.996917
0.987688
0.97237
0.951057
0.92388
0.891007
0.85264
0.809017
0.760406
0.707107
0.649448
0.587785
0.522499
0.45399
0.382683
0.309017
0.233445
0.156434
0.0784591
1.89653e-15
0.0784591
0.156434
0.233445
0.309017
0.382683
0.45399
0.522499
0.587785
0.649448
0.707107
0.760406
0.809017
0.85264
0.891007
0.92388
0.951057
0.97237
0.987688
0.996917
1
0.996917
0.987688
0.97237
0.951057
0.92388
0.891007
0.85264
0.809017
0.760406
0.707107
0.649448
0.587785
0.522499
0.45399
0.382683
0.309017
0.233445
0.156434
0.0784591
0
0.049375
0.118572
0.187949
0.256816
0.324622
0.390875
0.455119
0.516927
0.575893
0.631639
0.683808
0.73207
0.77612
0.815684
0.850514
0.880394
0.90514
0.924599
0.938653
0.947217
0.950241
0.947709
0.939643
0.926099
0.90717
0.882986
0.853714
0.819558
0.780761
0.737604
0.690414
0.63956
0.585467
0.528625
0.469618
0.409164
0.348217
0.288184
0.231469
0.182993
0.154915
0.182993
0.231469
0.288184
0.348217
0.409164
0.469618
0.528625
0.585467
0.63956
0.690414
0.737604
0.780761
0.819558
0.853714
0.882986
0.90717
0.926099
0.939643
0.947709
0.950241
0.947217
0.938653
0.924599
0.90514
0.880394
0.850514
0.815684
0.77612
0.73207
0.683808
0.631639
0.575893
0.516927
0.455119
0.390875
0.324622
0.256816
0.187949
0.118572
0.049375
0.0975
0.158507
0.21998
0.281267
0.341813
0.40113
0.458768
0.514315
0.567385
0.617617
0.664679
0.708261
0.748081
0.783886
0.815446
0.842565
0.865071
0.882826
0.895722
0.903681
0.90666
0.904648
0.897666
0.885772
0.869058
0.847655
0.821728
0.791486
0.757177
0.719097
0.677592
0.633071
0.586015
0.537002
0.486747
0.43617
0.386519
0.339611
0.298269
0.267128
0.253674
0.267128
0.298269
0.339611
0.386519
0.43617
0.486747
0.537002
0.586015
0.633071
0.677592
0.719097
0.757177
0.791486
0.821728
0.847655
0.869058
0.885772
0.897666
0.904648
0.90666
0.903681
0.895722
0.882826
0.865071
0.842565
0.815446
0.783886
0.748081
0.708261
0.664679
0.617617
0.567385
0.514315
0.458768
0.40113
0.341813
0.281267
0.21998
0.158507
0.0975
0.144375
0.197983
0.252214
0.306489
0.360289
0.413143
0.464624
0.514336
0.561913
0.607016
0.649331
0.688569
0.724469
0.756792
0.785329
0.809895
0.830334
0.846517
0.858346
0.865751
0.868691
0.867159
0.861179
0.850808
0.83614
0.817302
0.794463
0.767831
0.737662
0.704258
0.667983
0.629269
0.588631
0.546698
0.504249
0.462279
0.422096
0.385477
0.35487
0.333575
0.325527
0.333575
0.35487
0.385477
0.422096
0.462279
0.504249
0.546698
0.588631
0.629269
0.667983
0.704258
0.737662
0.767831
0.794463
0.817302
0.83614
0.850808
0.861179
0.867159
0.868691
0.865751
0.858346
0.846517
0.830334
0.809895
0.785329
0.756792
0.724469
0.688569
0.649331
0.607016
0.561913
0.514336
0.464624
0.413143
0.360289
0.306489
0.252214
0.197983
0.144375
0.19
0.236854
0.284438
0.33224
0.379788
0.426642
0.472399
0.516686
0.559158
0.599496
0.637404
0.672614
0.704879
0.733979
0.759717
0.781922
0.800449
0.815179
0.82602
0.832907
0.835806
0.83471
0.829645
0.820669
0.807873
0.791386
0.771374
0.748047
0.72166
0.692521
0.660997
0.62753
0.592645
0.556982
0.52132
0.486628
0.454124
0.425339
0.402162
0.386776
0.381282
0.386776
0.402162
0.425339
0.454124
0.486628
0.52132
0.556982
0.592645
0.62753
0.660997
0.692521
0.72166
0.748047
0.771374
0.791386
0.807873
0.820669
0.829645
0.83471
0.835806
0.832907
0.82602
0.815179
0.800449
0.781922
0.759717
0.733979
0.704879
0.672614
0.637404
0.599496
0.559158
0.516686
0.472399
0.426642
0.379788
0.33224
0.284438
0.236854
0.19
0.234375
0.275026
0.316495
0.358326
0.400091
0.441385
0.481834
0.521088
0.558824
0.594741
0.628564
0.66004
0.688938
0.715052
0.738199
0.758217
0.774972
0.788352
0.798272
0.804671
0.807518
0.806809
0.802569
0.794856
0.783761
0.76941
0.751966
0.731637
0.708675
0.683383
0.656127
0.627339
0.597535
0.567331
0.537463
0.508816
0.482447
0.459597
0.441664
0.430083
0.426052
0.430083
0.441664
0.459597
0.482447
0.508816
0.537463
0.567331
0.597535
0.627339
0.656127
0.683383
0.708675
0.731637
0.751966
0.76941
0.783761
0.794856
0.802569
0.806809
0.807518
0.804671
0.798272
0.788352
0.774972
0.758217
0.738199
0.715052
0.688938
0.66004
0.628564
0.594741
0.558824
0.521088
0.481834
0.441385
0.400091
0.358326
0.316495
0.275026
0.234375
0.2775
0.312438
0.34827
0.384591
0.421013
0.457164
0.492698
0.527291
0.560638
0.592461
0.6225
0.650517
0.676298
0.699646
0.720391
0.738381
0.75349
0.765611
0.774665
0.780597
0.783375
0.782999
0.779492
0.772913
0.763347
0.75092
0.735789
0.718156
0.698266
0.676413
0.652948
0.628286
0.602914
0.577405
0.552425
0.528751
0.507264
0.488944
0.474815
0.465843
0.462757
0.465843
0.474815
0.488944
0.507264
0.528751
0.552425
0.577405
0.602914
0.628286
0.652948
0.676413
0.698266
0.718156
0.735789
0.75092
0.763347
0.772913
0.779492
0.782999
0.783375
0.780597
0.774665
0.765611
0.75349
0.738381
0.720391
0.699646
0.676298
0.650517
0.6225
0.592461
0.560638
0.527291
0.492698
0.457164
0.421013
0.384591
0.34827
0.312438
0.2775
0.319375
0.349038
0.379671
0.410907
0.442394
0.473794
0.504785
0.535066
0.564354
0.592389
0.618925
0.643741
0.666634
0.68742
0.705937
0.722043
0.735617
0.746561
0.754797
0.760274
0.762963
0.762862
0.759996
0.75442
0.746217
0.735506
0.72244
0.70721
0.690051
0.671242
0.651115
0.630055
0.608513
0.587005
0.566121
0.546519
0.528926
0.514105
0.502812
0.495715
0.493291
0.495715
0.502812
0.514105
0.528926
0.546519
0.566121
0.587005
0.608513
0.630055
0.651115
0.671242
0.690051
0.70721
0.72244
0.735506
0.746217
0.75442
0.759996
0.762862
0.762963
0.760274
0.754797
0.746561
0.735617
0.722043
0.705937
0.68742
0.666634
0.643741
0.618925
0.592389
0.564354
0.535066
0.504785
0.473794
0.442394
0.410907
0.379671
0.349038
0.319375
0.36
0.38479
0.410622
0.437167
0.464101
0.491114
0.517909
0.544208
0.569746
0.594278
0.617576
0.63943
0.659649
0.678059
0.694508
0.70886
0.721001
0.730836
0.738294
0.743324
0.745898
0.746014
0.743697
0.738997
0.731994
0.722799
0.711559
0.698453
0.683701
0.667565
0.65035
0.632412
0.614154
0.596036
0.578566
0.5623
0.547826
0.535742
0.526613
0.520916
0.518978
0.520916
0.526613
0.535742
0.547826
0.5623
0.578566
0.596036
0.614154
0.632412
0.65035
0.667565
0.683701
0.698453
0.711559
0.722799
0.731994
0.738997
0.743697
0.746014
0.745898
0.743324
0.738294
0.730836
0.721001
0.70886
0.694508
0.678059
0.659649
0.63943
0.617576
0.594278
0.569746
0.544208
0.517909
0.491114
0.464101
0.437167
0.410622
0.38479
0.36
0.399375
0.419661
0.441063
0.463279
0.486014
0.508982
0.531907
0.554531
0.576606
0.597903
0.618207
0.637321
0.655064
0.671271
0.685796
0.698513
0.709311
0.7181
0.724812
0.729396
0.731828
0.732103
0.730244
0.726297
0.720337
0.71247
0.702829
0.691584
0.678937
0.665128
0.650437
0.635183
0.619726
0.604466
0.589839
0.576307
0.564347
0.554429
0.546982
0.542357
0.540788
0.542357
0.546982
0.554429
0.564347
0.576307
0.589839
0.604466
0.619726
0.635183
0.650437
0.665128
0.678937
0.691584
0.702829
0.71247
0.720337
0.726297
0.730244
0.732103
0.731828
0.729396
0.724812
0.7181
0.709311
0.698513
0.685796
0.671271
0.655064
0.637321
0.618207
0.597903
0.576606
0.554531
0.531907
0.508982
0.486014
0.463279
0.441063
0.419661
0.399375
0.4375
0.453624
0.470939
0.489166
0.508032
0.527272
0.546631
0.565866
0.584747
0.603058
0.620596
0.637175
0.652622
0.666784
0.679519
0.690707
0.700243
0.70804
0.714032
0.718171
0.72043
0.720806
0.719317
0.716007
0.710943
0.704223
0.695971
0.686341
0.675519
0.663723
0.651204
0.638246
0.625166
0.612309
0.600044
0.588757
0.578835
0.570649
0.56453
0.560743
0.55946
0.560743
0.56453
0.570649
0.578835
0.588757
0.600044
0.612309
0.625166
0.638246
0.651204
0.663723
0.675519
0.686341
0.695971
0.704223
0.710943
0.716007
0.719317
0.720806
0.72043
0.718171
0.714032
0.70804
0.700243
0.690707
0.679519
0.666784
0.652622
0.637175
0.620596
0.603058
0.584747
0.565866
0.546631
0.527272
0.508032
0.489166
0.470939
0.453624
0.4375
0.474375
0.486658
0.500205
0.514758
0.530062
0.545871
0.561947
0.57806
0.593997
0.609551
0.624534
0.638766
0.652087
0.664346
0.675413
0.68517
0.693516
0.700368
0.705662
0.709351
0.711409
0.711829
0.710627
0.707842
0.703537
0.697798
0.690738
0.682499
0.673247
0.663178
0.652517
0.641512
0.63044
0.619598
0.609298
0.599858
0.591596
0.584805
0.579747
0.576624
0.575568
0.576624
0.579747
0.584805
0.591596
0.599858
0.609298
0.619598
0.63044
0.641512
0.652517
0.663178
0.673247
0.682499
0.690738
0.697798
0.703537
0.707842
0.710627
0.711829
0.711409
0.709351
0.705662
0.700368
0.693516
0.68517
0.675413
0.664346
0.652087
0.638766
0.624534
0.609551
0.593997
0.57806
0.561947
0.545871
0.530062
0.514758
0.500205
0.486658
0.474375
0.51
0.518743
0.528823
0.539996
0.552025
0.564679
0.577733
0.590973
0.604196
0.617208
0.629828
0.641889
0.653236
0.663727
0.673234
0.681647
0.688869
0.694819
0.699433
0.702667
0.704493
0.704904
0.703911
0.701548
0.697872
0.69296
0.686914
0.679861
0.671949
0.663353
0.65427
0.644919
0.635539
0.626383
0.617713
0.609797
0.602891
0.597233
0.593029
0.590439
0.589564
0.590439
0.593029
0.597233
0.602891
0.609797
0.617713
0.626383
0.635539
0.644919
0.65427
0.663353
0.671949
0.679861
0.686914
0.69296
0.697872
0.701548
0.703911
0.704904
0.704493
0.702667
0.699433
0.694819
0.688869
0.681647
0.673234
0.663727
0.653236
0.641889
0.629828
0.617208
0.604196
0.590973
0.577733
0.564679
0.552025
0.539996
0.528823
0.518743
0.51
0.544375
0.549863
0.556756
0.564826
0.573847
0.583602
0.593879
0.604475
0.615197
0.625864
0.636302
0.646352
0.655865
0.664708
0.672757
0.679906
0.686062
0.691146
0.695097
0.697869
0.699436
0.699786
0.698929
0.696894
0.693729
0.689504
0.684309
0.678256
0.671478
0.664129
0.65638
0.648423
0.640462
0.632713
0.625398
0.618738
0.612944
0.608209
0.604698
0.602538
0.601809
0.602538
0.604698
0.608209
0.612944
0.618738
0.625398
0.632713
0.640462
0.648423
0.65638
0.664129
0.671478
0.678256
0.684309
0.689504
0.693729
0.696894
0.698929
0.699786
0.699436
0.697869
0.695097
0.691146
0.686062
0.679906
0.672757
0.664708
0.655865
0.646352
0.636302
0.625864
0.615197
0.604475
0.593879
0.583602
0.573847
0.564826
0.556756
0.549863
0.544375
0.5775
0.580002
0.583974
0.589198
0.595461
0.602555
0.610281
0.618446
0.626866
0.635368
0.643788
0.651974
0.659784
0.667088
0.673771
0.679729
0.684872
0.689124
0.692424
0.694729
0.696009
0.696252
0.695465
0.69367
0.69091
0.687245
0.682755
0.677538
0.671711
0.665408
0.65878
0.65199
0.645216
0.638639
0.632447
0.626824
0.621943
0.617963
0.615017
0.613207
0.612596
0.613207
0.615017
0.617963
0.621943
0.626824
0.632447
0.638639
0.645216
0.65199
0.65878
0.665408
0.671711
0.677538
0.682755
0.687245
0.69091
0.69367
0.695465
0.696252
0.696009
0.694729
0.692424
0.689124
0.684872
0.679729
0.673771
0.667088
0.659784
0.651974
0.643788
0.635368
0.626866
0.618446
0.610281
0.602555
0.595461
0.589198
0.583974
0.580002
0.5775
0.609375
0.609146
0.610446
0.613067
0.616804
0.62146
0.626844
0.632774
0.639074
0.645579
0.652133
0.658589
0.664814
0.670682
0.676082
0.680915
0.685093
0.688543
0.691206
0.693037
0.694006
0.694101
0.693322
0.691689
0.689237
0.686019
0.682103
0.677576
0.672538
0.667108
0.661414
0.655598
0.64981
0.644207
0.638945
0.634177
0.630047
0.626686
0.624202
0.622677
0.622162
0.622677
0.624202
0.626686
0.630047
0.634177
0.638945
0.644207
0.64981
0.655598
0.661414
0.667108
0.672538
0.677576
0.682103
0.686019
0.689237
0.691689
0.693322
0.694101
0.694006
0.693037
0.691206
0.688543
0.685093
0.680915
0.676082
0.670682
0.664814
0.658589
0.652133
0.645579
0.639074
0.632774
0.626844
0.62146
0.616804
0.613067
0.610446
0.609146
0.609375
0.64
0.637283
0.636146
0.63639
0.637818
0.640242
0.643479
0.647354
0.651702
0.656364
0.66119
0.666042
0.670789
0.675314
0.679509
0.683277
0.686535
0.689211
0.691247
0.6926
0.693238
0.693146
0.692322
0.690781
0.688552
0.685679
0.682223
0.678256
0.673866
0.669156
0.664235
0.659226
0.654256
0.649458
0.644963
0.6409
0.637388
0.634534
0.632427
0.631135
0.6307
0.631135
0.632427
0.634534
0.637388
0.6409
0.644963
0.649458
0.654256
0.659226
0.664235
0.669156
0.673866
0.678256
0.682223
0.685679
0.688552
0.690781
0.692322
0.693146
0.693238
0.6926
0.691247
0.689211
0.686535
0.683277
0.679509
0.675314
0.670789
0.666042
0.66119
0.656364
0.651702
0.647354
0.643479
0.640242
0.637818
0.63639
0.636146
0.637283
0.64
0.669375
0.664399
0.661047
0.659126
0.658447
0.658829
0.660098
0.662087
0.664638
0.667597
0.670824
0.674185
0.677556
0.680823
0.683882
0.686642
0.689021
0.69095
0.692372
0.693243
0.693531
0.693219
0.692303
0.690793
0.688711
0.686096
0.682996
0.679477
0.675612
0.671489
0.667203
0.662858
0.658562
0.654427
0.650564
0.64708
0.644074
0.641636
0.639839
0.638737
0.638366
0.638737
0.639839
0.641636
0.644074
0.64708
0.650564
0.654427
0.658562
0.662858
0.667203
0.671489
0.675612
0.679477
0.682996
0.686096
0.688711
0.690793
0.692303
0.693219
0.693531
0.693243
0.692372
0.69095
0.689021
0.686642
0.683882
0.680823
0.677556
0.674185
0.670824
0.667597
0.664638
0.662087
0.660098
0.658829
0.658447
0.659126
0.661047
0.664399
0.669375
0.6975
0.690483
0.685124
0.681235
0.678636
0.677154
0.676622
0.676879
0.677774
0.679162
0.680907
0.682882
0.684968
0.687056
0.689046
0.69085
0.692389
0.693596
0.694415
0.694803
0.694727
0.694168
0.693119
0.691585
0.689585
0.687149
0.684319
0.681149
0.677702
0.674053
0.670283
0.666479
0.662735
0.659143
0.655797
0.652788
0.650198
0.6481
0.646555
0.645609
0.645291
0.645609
0.646555
0.6481
0.650198
0.652788
0.655797
0.659143
0.662735
0.666479
0.670283
0.674053
0.677702
0.681149
0.684319
0.687149
0.689585
0.691585
0.693119
0.694168
0.694727
0.694803
0.694415
0.693596
0.692389
0.69085
0.689046
0.687056
0.684968
0.682882
0.680907
0.679162
0.677774
0.676879
0.676622
0.677154
0.678636
0.681235
0.685124
0.690483
0.6975
0.724375
0.715522
0.708349
0.702678
0.698334
0.695152
0.69297
0.691638
0.691009
0.690946
0.691318
0.692004
0.69289
0.693872
0.694854
0.695751
0.696487
0.696998
0.697227
0.697132
0.696681
0.695851
0.694635
0.693032
0.691057
0.688734
0.686097
0.683191
0.680071
0.676798
0.673442
0.670076
0.666778
0.663629
0.660705
0.658083
0.655831
0.654011
0.652672
0.651854
0.651578
0.651854
0.652672
0.654011
0.655831
0.658083
0.660705
0.663629
0.666778
0.670076
0.673442
0.676798
0.680071
0.683191
0.686097
0.688734
0.691057
0.693032
0.694635
0.695851
0.696681
0.697132
0.697227
0.696998
0.696487
0.695751
0.694854
0.693872
0.69289
0.692004
0.691318
0.690946
0.691009
0.691638
0.69297
0.695152
0.698334
0.702678
0.708349
0.715522
0.724375
0.75
0.739503
0.7307
0.723417
0.717489
0.712758
0.709069
0.706278
0.704246
0.702842
0.701942
0.701429
0.701194
0.701139
0.701171
0.701208
0.701177
0.701015
0.700669
0.700095
0.69926
0.698142
0.696729
0.695019
0.693021
0.690754
0.688245
0.685532
0.682659
0.679679
0.67665
0.673634
0.670696
0.667903
0.665322
0.663013
0.661036
0.659441
0.658271
0.657555
0.657314
0.657555
0.658271
0.659441
0.661036
0.663013
0.665322
0.667903
0.670696
0.673634
0.67665
0.679679
0.682659
0.685532
0.688245
0.690754
0.693021
0.695019
0.696729
0.698142
0.69926
0.700095
0.700669
0.701015
0.701177
0.701208
0.701171
0.701139
0.701194
0.701429
0.701942
0.702842
0.704246
0.706278
0.709069
0.712758
0.717489
0.723417
0.7307
0.739503
0.75
0.774375
0.762413
0.752148
0.743413
0.736051
0.72991
0.724844
0.720716
0.717394
0.714752
0.712672
0.711043
0.709762
0.708733
0.707869
0.707091
0.706328
0.70552
0.704613
0.703565
0.702343
0.700923
0.699291
0.697443
0.695382
0.693123
0.690687
0.688105
0.685413
0.682655
0.67988
0.677139
0.674487
0.671979
0.669672
0.667617
0.665862
0.664449
0.663414
0.662782
0.662569
0.662782
0.663414
0.664449
0.665862
0.667617
0.669672
0.671979
0.674487
0.677139
0.67988
0.682655
0.685413
0.688105
0.690687
0.693123
0.695382
0.697443
0.699291
0.700923
0.702343
0.703565
0.704613
0.70552
0.706328
0.707091
0.707869
0.708733
0.709762
0.711043
0.712672
0.714752
0.717394
0.720716
0.724844
0.72991
0.736051
0.743413
0.752148
0.762413
0.774375
0.7975
0.784241
0.772669
0.762629
0.75397
0.746548
0.740226
0.734873
0.730363
0.726578
0.723405
0.720739
0.718482
0.716541
0.714833
0.713283
0.711823
0.710393
0.708943
0.707429
0.705819
0.704088
0.702221
0.700208
0.698052
0.695762
0.693353
0.690851
0.688284
0.685689
0.683106
0.680577
0.678148
0.675867
0.673777
0.671924
0.670346
0.66908
0.668154
0.667589
0.667399
0.667589
0.668154
0.66908
0.670346
0.671924
0.673777
0.675867
0.678148
0.680577
0.683106
0.685689
0.688284
0.690851
0.693353
0.695762
0.698052
0.700208
0.702221
0.704088
0.705819
0.707429
0.708943
0.710393
0.711823
0.713283
0.714833
0.716541
0.718482
0.720739
0.723405
0.726578
0.730363
0.734873
0.740226
0.746548
0.75397
0.762629
0.772669
0.784241
0.7975
0.819375
0.804971
0.792237
0.781026
0.771196
0.762613
0.755146
0.748672
0.743071
0.738232
0.734048
0.730418
0.727249
0.724454
0.721954
0.719674
0.717551
0.715526
0.713551
0.711583
0.709588
0.707542
0.705426
0.70323
0.700953
0.698599
0.69618
0.693715
0.691227
0.688746
0.686303
0.683934
0.681677
0.679571
0.677652
0.675958
0.674522
0.673372
0.672532
0.672021
0.67185
0.672021
0.672532
0.673372
0.674522
0.675958
0.677652
0.679571
0.681677
0.683934
0.686303
0.688746
0.691227
0.693715
0.69618
0.698599
0.700953
0.70323
0.705426
0.707542
0.709588
0.711583
0.713551
0.715526
0.717551
0.719674
0.721954
0.724454
0.727249
0.730418
0.734048
0.738232
0.743071
0.748672
0.755146
0.762613
0.771196
0.781026
0.792237
0.804971
0.819375
0.84
0.824591
0.810825
0.798567
0.787684
0.778049
0.76954
0.76204
0.755438
0.749628
0.744508
0.739985
0.735968
0.732375
0.72913
0.726163
0.723412
0.72082
0.71834
0.71593
0.713557
0.711194
0.708823
0.706431
0.704013
0.70157
0.699111
0.696649
0.694202
0.691792
0.689447
0.687195
0.685067
0.683094
0.681308
0.679738
0.678412
0.677354
0.676583
0.676114
0.675957
0.676114
0.676583
0.677354
0.678412
0.679738
0.681308
0.683094
0.685067
0.687195
0.689447
0.691792
0.694202
0.696649
0.699111
0.70157
0.704013
0.706431
0.708823
0.711194
0.713557
0.71593
0.71834
0.72082
0.723412
0.726163
0.72913
0.732375
0.735968
0.739985
0.744508
0.749628
0.755438
0.76204
0.76954
0.778049
0.787684
0.798567
0.810825
0.824591
0.84
0.859375
0.843087
0.828409
0.815217
0.803386
0.7928
0.783344
0.774909
0.76739
0.760687
0.754704
0.749353
0.744549
0.740212
0.736271
0.732658
0.729313
0.726183
0.723221
0.720385
0.717643
0.714967
0.712337
0.709739
0.707166
0.704616
0.702093
0.699607
0.697169
0.694799
0.692517
0.690346
0.688311
0.686438
0.684752
0.683277
0.682036
0.681049
0.680331
0.679896
0.67975
0.679896
0.680331
0.681049
0.682036
0.683277
0.684752
0.686438
0.688311
0.690346
0.692517
0.694799
0.697169
0.699607
0.702093
0.704616
0.707166
0.709739
0.712337
0.714967
0.717643
0.720385
0.723221
0.726183
0.729313
0.732658
0.736271
0.740212
0.744549
0.749353
0.754704
0.760687
0.76739
0.774909
0.783344
0.7928
0.803386
0.815217
0.828409
0.843087
0.859375
0.8775
0.860446
0.844964
0.83094
0.81826
0.806816
0.796501
0.787214
0.778856
0.771334
0.764558
0.758443
0.752909
0.747881
0.743291
0.739074
0.735172
0.731533
0.728112
0.724869
0.721769
0.718787
0.7159
0.713093
0.710356
0.707685
0.70508
0.702547
0.700095
0.697738
0.695491
0.693372
0.691402
0.6896
0.687987
0.686584
0.685407
0.684474
0.683798
0.683388
0.683251
0.683388
0.683798
0.684474
0.685407
0.686584
0.687987
0.6896
0.691402
0.693372
0.695491
0.697738
0.700095
0.702547
0.70508
0.707685
0.710356
0.713093
0.7159
0.718787
0.721769
0.724869
0.728112
0.731533
0.735172
0.739074
0.743291
0.747881
0.752909
0.758443
0.764558
0.771334
0.778856
0.787214
0.796501
0.806816
0.81826
0.83094
0.844964
0.860446
0.8775
0.894375
0.876655
0.860466
0.845703
0.832263
0.820047
0.808956
0.798895
0.789773
0.781502
0.773998
0.76718
0.760974
0.755307
0.750114
0.745333
0.74091
0.736794
0.73294
0.729309
0.725868
0.722589
0.71945
0.716433
0.713528
0.710727
0.708028
0.705433
0.702949
0.700583
0.698349
0.696259
0.69433
0.692577
0.691016
0.689665
0.688536
0.687644
0.686998
0.686608
0.686477
0.686608
0.686998
0.687644
0.688536
0.689665
0.691016
0.692577
0.69433
0.696259
0.698349
0.700583
0.702949
0.705433
0.708028
0.710727
0.713528
0.716433
0.71945
0.722589
0.725868
0.729309
0.73294
0.736794
0.74091
0.745333
0.750114
0.755307
0.760974
0.76718
0.773998
0.781502
0.789773
0.798895
0.808956
0.820047
0.832263
0.845703
0.860466
0.876655
0.894375
0.91
0.891703
0.874892
0.859475
0.845357
0.832448
0.820657
0.809897
0.800081
0.791129
0.78296
0.775499
0.768674
0.762419
0.75667
0.751368
0.746461
0.741899
0.737639
0.733643
0.729878
0.726315
0.722931
0.719709
0.716634
0.713699
0.710898
0.708231
0.7057
0.703311
0.701072
0.698993
0.697087
0.695364
0.693839
0.692524
0.691429
0.690566
0.689944
0.689567
0.689441
0.689567
0.689944
0.690566
0.691429
0.692524
0.693839
0.695364
0.697087
0.698993
0.701072
0.703311
0.7057
0.708231
0.710898
0.713699
0.716634
0.719709
0.722931
0.726315
0.729878
0.733643
0.737639
0.741899
0.746461
0.751368
0.75667
0.762419
0.768674
0.775499
0.78296
0.791129
0.800081
0.809897
0.820657
0.832448
0.845357
0.859475
0.874892
0.891703
0.91
0.924375
0.905578
0.888223
0.872227
0.857507
0.843979
0.83156
0.820169
0.809727
0.800157
0.791384
0.783338
0.77595
0.769156
0.762897
0.757116
0.751762
0.746788
0.742151
0.737814
0.733744
0.729912
0.726295
0.722874
0.719633
0.716563
0.713656
0.710909
0.708323
0.705899
0.703643
0.701561
0.699663
0.697958
0.696454
0.695163
0.694092
0.693249
0.692643
0.692277
0.692154
0.692277
0.692643
0.693249
0.694092
0.695163
0.696454
0.697958
0.699663
0.701561
0.703643
0.705899
0.708323
0.710909
0.713656
0.716563
0.719633
0.722874
0.726295
0.729912
0.733744
0.737814
0.742151
0.746788
0.751762
0.757116
0.762897
0.769156
0.77595
0.783338
0.791384
0.800157
0.809727
0.820169
0.83156
0.843979
0.857507
0.872227
0.888223
0.905578
0.924375
0.9375
0.918269
0.900439
0.883934
0.868681
0.854602
0.841623
0.829668
0.818663
0.808537
0.79922
0.790644
0.782745
0.775463
0.76874
0.762522
0.756759
0.751407
0.746423
0.741771
0.737417
0.733334
0.729497
0.725887
0.722486
0.719284
0.71627
0.713441
0.710793
0.708327
0.706045
0.703951
0.702051
0.700351
0.698859
0.697582
0.696525
0.695697
0.695101
0.694742
0.694622
0.694742
0.695101
0.695697
0.696525
0.697582
0.698859
0.700351
0.702051
0.703951
0.706045
0.708327
0.710793
0.713441
0.71627
0.719284
0.722486
0.725887
0.729497
0.733334
0.737417
0.741771
0.746423
0.751407
0.756759
0.762522
0.76874
0.775463
0.782745
0.790644
0.79922
0.808537
0.818663
0.829668
0.841623
0.854602
0.868681
0.883934
0.900439
0.918269
0.9375
0.949375
0.92977
0.911524
0.894573
0.87885
0.864285
0.85081
0.838353
0.826848
0.816226
0.806421
0.797371
0.789014
0.781292
0.774151
0.767538
0.761405
0.755709
0.750409
0.745469
0.740855
0.73654
0.732499
0.728711
0.725159
0.72183
0.718713
0.715801
0.71309
0.710577
0.708263
0.70615
0.70424
0.702539
0.70105
0.69978
0.698732
0.697912
0.697323
0.696968
0.69685
0.696968
0.697323
0.697912
0.698732
0.69978
0.70105
0.702539
0.70424
0.70615
0.708263
0.710577
0.71309
0.715801
0.718713
0.72183
0.725159
0.728711
0.732499
0.73654
0.740855
0.745469
0.750409
0.755709
0.761405
0.767538
0.774151
0.781292
0.789014
0.797371
0.806421
0.816226
0.826848
0.838353
0.85081
0.864285
0.87885
0.894573
0.911524
0.92977
0.949375
0.96
0.940071
0.921465
0.904126
0.887992
0.873002
0.85909
0.846192
0.834245
0.823185
0.812949
0.803478
0.794714
0.786602
0.779087
0.772121
0.765658
0.759654
0.75407
0.748869
0.74402
0.739495
0.735267
0.731316
0.727624
0.724176
0.72096
0.717968
0.715194
0.712633
0.710284
0.708147
0.706223
0.704515
0.703024
0.701755
0.700711
0.699896
0.699311
0.698959
0.698841
0.698959
0.699311
0.699896
0.700711
0.701755
0.703024
0.704515
0.706223
0.708147
0.710284
0.712633
0.715194
0.717968
0.72096
0.724176
0.727624
0.731316
0.735267
0.739495
0.74402
0.748869
0.75407
0.759654
0.765658
0.772121
0.779087
0.786602
0.794714
0.803478
0.812949
0.823185
0.834245
0.846192
0.85909
0.873002
0.887992
0.904126
0.921465
0.940071
0.96
0.969375
0.949166
0.93025
0.912576
0.896088
0.880728
0.866438
0.853157
0.840825
0.829383
0.818771
0.808932
0.799812
0.791356
0.783514
0.776238
0.769483
0.763207
0.757371
0.75194
0.746881
0.742167
0.737772
0.733674
0.729854
0.726297
0.72299
0.719923
0.717088
0.714481
0.712096
0.709934
0.707993
0.706273
0.704777
0.703506
0.702463
0.701648
0.701065
0.700715
0.700598
0.700715
0.701065
0.701648
0.702463
0.703506
0.704777
0.706273
0.707993
0.709934
0.712096
0.714481
0.717088
0.719923
0.72299
0.726297
0.729854
0.733674
0.737772
0.742167
0.746881
0.75194
0.757371
0.763207
0.769483
0.776238
0.783514
0.791356
0.799812
0.808932
0.818771
0.829383
0.840825
0.853157
0.866438
0.880728
0.896088
0.912576
0.93025
0.949166
0.969375
0.9775
0.957053
0.937872
0.919912
0.903122
0.887448
0.872834
0.859226
0.846565
0.834794
0.82386
0.813705
0.804278
0.795526
0.787402
0.779858
0.77285
0.766338
0.760284
0.754651
0.74941
0.744531
0.739988
0.73576
0.731828
0.728173
0.724784
0.721649
0.718758
0.716106
0.713688
0.7115
0.709541
0.707809
0.706305
0.70503
0.703985
0.70317
0.702587
0.702237
0.70212
0.702237
0.702587
0.70317
0.703985
0.70503
0.706305
0.707809
0.709541
0.7115
0.713688
0.716106
0.718758
0.721649
0.724784
0.728173
0.731828
0.73576
0.739988
0.744531
0.74941
0.754651
0.760284
0.766338
0.77285
0.779858
0.787402
0.795526
0.804278
0.813705
0.82386
0.834794
0.846565
0.859226
0.872834
0.887448
0.903122
0.919912
0.937872
0.957053
0.9775
0.984375
0.963726
0.944324
0.926126
0.909083
0.893146
0.878263
0.86438
0.851444
0.839399
0.828194
0.817774
0.808089
0.799089
0.790727
0.782956
0.775736
0.769024
0.762784
0.756982
0.751585
0.746565
0.741897
0.737557
0.733527
0.729788
0.726327
0.723132
0.720192
0.7175
0.71505
0.712838
0.710861
0.709117
0.707605
0.706325
0.705276
0.70446
0.703876
0.703526
0.703409
0.703526
0.703876
0.70446
0.705276
0.706325
0.707605
0.709117
0.710861
0.712838
0.71505
0.7175
0.720192
0.723132
0.726327
0.729788
0.733527
0.737557
0.741897
0.746565
0.751585
0.756982
0.762784
0.769024
0.775736
0.782956
0.790727
0.799089
0.808089
0.817774
0.828194
0.839399
0.851444
0.86438
0.878263
0.893146
0.909083
0.926126
0.944324
0.963726
0.984375
0.99
0.969186
0.949603
0.931211
0.913964
0.897815
0.882714
0.868609
0.855449
0.843183
0.831757
0.821122
0.811227
0.802025
0.793469
0.785515
0.77812
0.771245
0.764854
0.758912
0.753387
0.748252
0.743479
0.739048
0.734936
0.731128
0.727607
0.72436
0.721379
0.718653
0.716176
0.713943
0.711949
0.710194
0.708673
0.707387
0.706335
0.705517
0.704932
0.704581
0.704464
0.704581
0.704932
0.705517
0.706335
0.707387
0.708673
0.710194
0.711949
0.713943
0.716176
0.718653
0.721379
0.72436
0.727607
0.731128
0.734936
0.739048
0.743479
0.748252
0.753387
0.758912
0.764854
0.771245
0.77812
0.785515
0.793469
0.802025
0.811227
0.821122
0.831757
0.843183
0.855449
0.868609
0.882714
0.897815
0.913964
0.931211
0.949603
0.969186
0.99
0.994375
0.973431
0.953708
0.935166
0.917761
0.901449
0.886179
0.871903
0.858572
0.846133
0.834538
0.823736
0.81368
0.804321
0.795615
0.787518
0.779988
0.772987
0.766478
0.760427
0.754803
0.749577
0.744723
0.740219
0.736044
0.73218
0.728612
0.725325
0.72231
0.719556
0.717057
0.714807
0.7128
0.711035
0.709507
0.708216
0.707161
0.70634
0.705754
0.705403
0.705286
0.705403
0.705754
0.70634
0.707161
0.708216
0.709507
0.711035
0.7128
0.714807
0.717057
0.719556
0.72231
0.725325
0.728612
0.73218
0.736044
0.740219
0.744723
0.749577
0.754803
0.760427
0.766478
0.772987
0.779988
0.787518
0.795615
0.804321
0.81368
0.823736
0.834538
0.846133
0.858572
0.871903
0.886179
0.901449
0.917761
0.935166
0.953708
0.973431
0.994375
0.9975
0.976461
0.956638
0.937989
0.920473
0.904044
0.888655
0.874259
0.860805
0.848244
0.836529
0.825609
0.815437
0.805967
0.797154
0.788955
0.781329
0.774238
0.767645
0.761516
0.755821
0.75053
0.745619
0.741063
0.736842
0.732938
0.729335
0.726019
0.72298
0.720206
0.717691
0.715427
0.713411
0.711637
0.710104
0.708809
0.707751
0.706929
0.706342
0.70599
0.705873
0.70599
0.706342
0.706929
0.707751
0.708809
0.710104
0.711637
0.713411
0.715427
0.717691
0.720206
0.72298
0.726019
0.729335
0.732938
0.736842
0.741063
0.745619
0.75053
0.755821
0.761516
0.767645
0.774238
0.781329
0.788955
0.797154
0.805967
0.815437
0.825609
0.836529
0.848244
0.860805
0.874259
0.888655
0.904044
0.920473
0.937989
0.956638
0.976461
0.9975
0.999375
0.978279
0.958395
0.939682
0.922099
0.905601
0.890141
0.875672
0.862145
0.849512
0.837725
0.826734
0.816493
0.806957
0.79808
0.78982
0.782137
0.774991
0.768348
0.762173
0.756435
0.751105
0.746159
0.741572
0.737323
0.733395
0.729771
0.726438
0.723383
0.720597
0.718072
0.7158
0.713778
0.712
0.710463
0.709166
0.708106
0.707283
0.706695
0.706343
0.706225
0.706343
0.706695
0.707283
0.708106
0.709166
0.710463
0.712
0.713778
0.7158
0.718072
0.720597
0.723383
0.726438
0.729771
0.733395
0.737323
0.741572
0.746159
0.751105
0.756435
0.762173
0.768348
0.774991
0.782137
0.78982
0.79808
0.806957
0.816493
0.826734
0.837725
0.849512
0.862145
0.875672
0.890141
0.905601
0.922099
0.939682
0.958395
0.978279
0.999375
1
0.978884
0.95898
0.940247
0.922641
0.90612
0.890636
0.876143
0.862592
0.849935
0.838123
0.827109
0.816846
0.807287
0.798389
0.790109
0.782407
0.775243
0.768583
0.762392
0.75664
0.751297
0.746339
0.741741
0.737484
0.733548
0.729917
0.726578
0.723518
0.720728
0.718199
0.715925
0.7139
0.712121
0.710583
0.709285
0.708224
0.707401
0.706813
0.70646
0.706343
0.70646
0.706813
0.707401
0.708224
0.709285
0.710583
0.712121
0.7139
0.715925
0.718199
0.720728
0.723518
0.726578
0.729917
0.733548
0.737484
0.741741
0.746339
0.751297
0.75664
0.762392
0.768583
0.775243
0.782407
0.790109
0.798389
0.807287
0.816846
0.827109
0.838123
0.849935
0.862592
0.876143
0.890636
0.90612
0.922641
0.940247
0.95898
0.978884
1
0.999375
0.978279
0.958395
0.939682
0.922099
0.905601
0.890141
0.875672
0.862145
0.849512
0.837725
0.826734
0.816493
0.806957
0.79808
0.78982
0.782137
0.774991
0.768348
0.762173
0.756435
0.751105
0.746159
0.741572
0.737323
0.733395
0.729771
0.726438
0.723383
0.720597
0.718072
0.7158
0.713778
0.712
0.710463
0.709166
0.708106
0.707283
0.706695
0.706343
0.706225
0.706343
0.706695
0.707283
0.708106
0.709166
0.710463
0.712
0.713778
0.7158
0.718072
0.720597
0.723383
0.726438
0.729771
0.733395
0.737323
0.741572
0.746159
0.751105
0.756435
0.762173
0.768348
0.774991
0.782137
0.78982
0.79808
0.806957
0.816493
0.826734
0.837725
0.849512
0.862145
0.875672
0.890141
0.905601
0.922099
0.939682
0.958395
0.978279
0.999375
0.9975
0.976461
0.956638
0.937989
0.920473
0.904044
0.888655
0.874259
0.860805
0.848244
0.836529
0.825609
0.815437
0.805967
0.797154
0.788955
0.781329
0.774238
0.767645
0.761516
0.755821
0.75053
0.745619
0.741063
0.736842
0.732938
0.729335
0.726019
0.72298
0.720206
0.717691
0.715427
0.713411
0.711637
0.710104
0.708809
0.707751
0.706929
0.706342
0.70599
0.705873
0.70599
0.706342
0.706929
0.707751
0.708809
0.710104
0.711637
0.713411
0.715427
0.717691
0.720206
0.72298
0.726019
0.729335
0.732938
0.736842
0.741063
0.745619
0.75053
0.755821
0.761516
0.767645
0.774238
0.781329
0.788955
0.797154
0.805967
0.815437
0.825609
0.836529
0.848244
0.860805
0.874259
0.888655
0.904044
0.920473
0.937989
0.956638
0.976461
0.9975
0.994375
0.973431
0.953708
0.935166
0.917761
0.901449
0.886179
0.871903
0.858572
0.846133
0.834538
0.823736
0.81368
0.804321
0.795615
0.787518
0.779988
0.772987
0.766478
0.760427
0.754803
0.749577
0.744723
0.740219
0.736044
0.73218
0.728612
0.725325
0.72231
0.719556
0.717057
0.714807
0.7128
0.711035
0.709507
0.708216
0.707161
0.70634
0.705754
0.705403
0.705286
0.705403
0.705754
0.70634
0.707161
0.708216
0.709507
0.711035
0.7128
0.714807
0.717057
0.719556
0.72231
0.725325
0.728612
0.73218
0.736044
0.740219
0.744723
0.749577
0.754803
0.760427
0.766478
0.772987
0.779988
0.787518
0.795615
0.804321
0.81368
0.823736
0.834538
0.846133
0.858572
0.871903
0.886179
0.901449
0.917761
0.935166
0.953708
0.973431
0.994375
0.99
0.969186
0.949603
0.931211
0.913964
0.897815
0.882714
0.868609
0.855449
0.843183
0.831757
0.821122
0.811227
0.802025
0.793469
0.785515
0.77812
0.771245
0.764854
0.758912
0.753387
0.748252
0.743479
0.739048
0.734936
0.731128
0.727607
0.72436
0.721379
0.718653
0.716176
0.713943
0.711949
0.710194
0.708673
0.707387
0.706335
0.705517
0.704932
0.704581
0.704464
0.704581
0.704932
0.705517
0.706335
0.707387
0.708673
0.710194
0.711949
0.713943
0.716176
0.718653
0.721379
0.72436
0.727607
0.731128
0.734936
0.739048
0.743479
0.748252
0.753387
0.758912
0.764854
0.771245
0.77812
0.785515
0.793469
0.802025
0.811227
0.821122
0.831757
0.843183
0.855449
0.868609
0.882714
0.897815
0.913964
0.931211
0.949603
0.969186
0.99
0.984375
0.963726
0.944324
0.926126
0.909083
0.893146
0.878263
0.86438
0.851444
0.839399
0.828194
0.817774
0.808089
0.799089
0.790727
0.782956
0.775736
0.769024
0.762784
0.756982
0.751585
0.746565
0.741897
0.737557
0.733527
0.729788
0.726327
0.723132
0.720192
0.7175
0.71505
0.712838
0.710861
0.709117
0.707605
0.706325
0.705276
0.70446
0.703876
0.703526
0.703409
0.703526
0.703876
0.70446
0.705276
0.706325
0.707605
0.709117
0.710861
0.712838
0.71505
0.7175
0.720192
0.723132
0.726327
0.729788
0.733527
0.737557
0.741897
0.746565
0.751585
0.756982
0.762784
0.769024
0.775736
0.782956
0.790727
0.799089
0.808089
0.817774
0.828194
0.839399
0.851444
0.86438
0.878263
0.893146
0.909083
0.926126
0.944324
0.963726
0.984375
0.9775
0.957053
0.937872
0.919912
0.903122
0.887448
0.872834
0.859226
0.846565
0.834794
0.82386
0.813705
0.804278
0.795526
0.787402
0.779858
0.77285
0.766338
0.760284
0.754651
0.74941
0.744531
0.739988
0.73576
0.731828
0.728173
0.724784
0.721649
0.718758
0.716106
0.713688
0.7115
0.709541
0.707809
0.706305
0.70503
0.703985
0.70317
0.702587
0.702237
0.70212
0.702237
0.702587
0.70317
0.703985
0.70503
0.706305
0.707809
0.709541
0.7115
0.713688
0.716106
0.718758
0.721649
0.724784
0.728173
0.731828
0.73576
0.739988
0.744531
0.74941
0.754651
0.760284
0.766338
0.77285
0.779858
0.787402
0.795526
0.804278
0.813705
0.82386
0.834794
0.846565
0.859226
0.872834
0.887448
0.903122
0.919912
0.937872
0.957053
0.9775
0.969375
0.949166
0.93025
0.912576
0.896088
0.880728
0.866438
0.853157
0.840825
0.829383
0.818771
0.808932
0.799812
0.791356
0.783514
0.776238
0.769483
0.763207
0.757371
0.75194
0.746881
0.742167
0.737772
0.733674
0.729854
0.726297
0.72299
0.719923
0.717088
0.714481
0.712096
0.709934
0.707993
0.706273
0.704777
0.703506
0.702463
0.701648
0.701065
0.700715
0.700598
0.700715
0.701065
0.701648
0.702463
0.703506
0.704777
0.706273
0.707993
0.709934
0.712096
0.714481
0.717088
0.719923
0.72299
0.726297
0.729854
0.733674
0.737772
0.742167
0.746881
0.75194
0.757371
0.763207
0.769483
0.776238
0.783514
0.791356
0.799812
0.808932
0.818771
0.829383
0.840825
0.853157
0.866438
0.880728
0.896088
0.912576
0.93025
0.949166
0.969375
0.96
0.940071
0.921465
0.904126
0.887992
0.873002
0.85909
0.846192
0.834245
0.823185
0.812949
0.803478
0.794714
0.786602
0.779087
0.772121
0.765658
0.759654
0.75407
0.748869
0.74402
0.739495
0.735267
0.731316
0.727624
0.724176
0.72096
0.717968
0.715194
0.712633
0.710284
0.708147
0.706223
0.704515
0.703024
0.701755
0.700711
0.699896
0.699311
0.698959
0.698841
0.698959
0.699311
0.699896
0.700711
0.701755
0.703024
0.704515
0.706223
0.708147
0.710284
0.712633
0.715194
0.717968
0.72096
0.724176
0.727624
0.731316
0.735267
0.739495
0.74402
0.748869
0.75407
0.759654
0.765658
0.772121
0.779087
0.786602
0.794714
0.803478
0.812949
0.823185
0.834245
0.846192
0.85909
0.873002
0.887992
0.904126
0.921465
0.940071
0.96
0.949375
0.92977
0.911524
0.894573
0.87885
0.864285
0.85081
0.838353
0.826848
0.816226
0.806421
0.797371
0.789014
0.781292
0.774151
0.767538
0.761405
0.755709
0.750409
0.745469
0.740855
0.73654
0.732499
0.728711
0.725159
0.72183
0.718713
0.715801
0.71309
0.710577
0.708263
0.70615
0.70424
0.702539
0.70105
0.69978
0.698732
0.697912
0.697323
0.696968
0.69685
0.696968
0.697323
0.697912
0.698732
0.69978
0.70105
0.702539
0.70424
0.70615
0.708263
0.710577
0.71309
0.715801
0.718713
0.72183
0.725159
0.728711
0.732499
0.73654
0.740855
0.745469
0.750409
0.755709
0.761405
0.767538
0.774151
0.781292
0.789014
0.797371
0.806421
0.816226
0.826848
0.838353
0.85081
0.864285
0.87885
0.894573
0.911524
0.92977
0.949375
0.9375
0.918269
0.900439
0.883934
0.868681
0.854602
0.841623
0.829668
0.818663
0.808537
0.79922
0.790644
0.782745
0.775463
0.76874
0.762522
0.756759
0.751407
0.746423
0.741771
0.737417
0.733334
0.729497
0.725887
0.722486
0.719284
0.71627
0.713441
0.710793
0.708327
0.706045
0.703951
0.702051
0.700351
0.698859
0.697582
0.696525
0.695697
0.695101
0.694742
0.694622
0.694742
0.695101
0.695697
0.696525
0.697582
0.698859
0.700351
0.702051
0.703951
0.706045
0.708327
0.710793
0.713441
0.71627
0.719284
0.722486
0.725887
0.729497
0.733334
0.737417
0.741771
0.746423
0.751407
0.756759
0.762522
0.76874
0.775463
0.782745
0.790644
0.79922
0.808537
0.818663
0.829668
0.841623
0.854602
0.868681
0.883934
0.900439
0.918269
0.9375
0.924375
0.905578
0.888223
0.872227
0.857507
0.843979
0.83156
0.820169
0.809727
0.800157
0.791384
0.783338
0.77595
0.769156
0.762897
0.757116
0.751762
0.746788
0.742151
0.737814
0.733744
0.729912
0.726295
0.722874
0.719633
0.716563
0.713656
0.710909
0.708323
0.705899
0.703643
0.701561
0.699663
0.697958
0.696454
0.695163
0.694092
0.693249
0.692643
0.692277
0.692154
0.692277
0.692643
0.693249
0.694092
0.695163
0.696454
0.697958
0.699663
0.701561
0.703643
0.705899
0.708323
0.710909
0.713656
0.716563
0.719633
0.722874
0.726295
0.729912
0.733744
0.737814
0.742151
0.746788
0.751762
0.757116
0.762897
0.769156
0.77595
0.783338
0.791384
0.800157
0.809727
0.820169
0.83156
0.843979
0.857507
0.872227
0.888223
0.905578
0.924375
0.91
0.891703
0.874892
0.859475
0.845357
0.832448
0.820657
0.809897
0.800081
0.791129
0.78296
0.775499
0.768674
0.762419
0.75667
0.751368
0.746461
0.741899
0.737639
0.733643
0.729878
0.726315
0.722931
0.719709
0.716634
0.713699
0.710898
0.708231
0.7057
0.703311
0.701072
0.698993
0.697087
0.695364
0.693839
0.692524
0.691429
0.690566
0.689944
0.689567
0.689441
0.689567
0.689944
0.690566
0.691429
0.692524
0.693839
0.695364
0.697087
0.698993
0.701072
0.703311
0.7057
0.708231
0.710898
0.713699
0.716634
0.719709
0.722931
0.726315
0.729878
0.733643
0.737639
0.741899
0.746461
0.751368
0.75667
0.762419
0.768674
0.775499
0.78296
0.791129
0.800081
0.809897
0.820657
0.832448
0.845357
0.859475
0.874892
0.891703
0.91
0.894375
0.876655
0.860466
0.845703
0.832263
0.820047
0.808956
0.798895
0.789773
0.781502
0.773998
0.76718
0.760974
0.755307
0.750114
0.745333
0.74091
0.736794
0.73294
0.729309
0.725868
0.722589
0.71945
0.716433
0.713528
0.710727
0.708028
0.705433
0.702949
0.700583
0.698349
0.696259
0.69433
0.692577
0.691016
0.689665
0.688536
0.687644
0.686998
0.686608
0.686477
0.686608
0.686998
0.687644
0.688536
0.689665
0.691016
0.692577
0.69433
0.696259
0.698349
0.700583
0.702949
0.705433
0.708028
0.710727
0.713528
0.716433
0.71945
0.722589
0.725868
0.729309
0.73294
0.736794
0.74091
0.745333
0.750114
0.755307
0.760974
0.76718
0.773998
0.781502
0.789773
0.798895
0.808956
0.820047
0.832263
0.845703
0.860466
0.876655
0.894375
0.8775
0.860446
0.844964
0.83094
0.81826
0.806816
0.796501
0.787214
0.778856
0.771334
0.764558
0.758443
0.752909
0.747881
0.743291
0.739074
0.735172
0.731533
0.728112
0.724869
0.721769
0.718787
0.7159
0.713093
0.710356
0.707685
0.70508
0.702547
0.700095
0.697738
0.695491
0.693372
0.691402
0.6896
0.687987
0.686584
0.685407
0.684474
0.683798
0.683388
0.683251
0.683388
0.683798
0.684474
0.685407
0.686584
0.687987
0.6896
0.691402
0.693372
0.695491
0.697738
0.700095
0.702547
0.70508
0.707685
0.710356
0.713093
0.7159
0.718787
0.721769
0.724869
0.728112
0.731533
0.735172
0.739074
0.743291
0.747881
0.752909
0.758443
0.764558
0.771334
0.778856
0.787214
0.796501
0.806816
0.81826
0.83094
0.844964
0.860446
0.8775
0.859375
0.843087
0.828409
0.815217
0.803386
0.7928
0.783344
0.774909
0.76739
0.760687
0.754704
0.749353
0.744549
0.740212
0.736271
0.732658
0.729313
0.726183
0.723221
0.720385
0.717643
0.714967
0.712337
0.709739
0.707166
0.704616
0.702093
0.699607
0.697169
0.694799
0.692517
0.690346
0.688311
0.686438
0.684752
0.683277
0.682036
0.681049
0.680331
0.679896
0.67975
0.679896
0.680331
0.681049
0.682036
0.683277
0.684752
0.686438
0.688311
0.690346
0.692517
0.694799
0.697169
0.699607
0.702093
0.704616
0.707166
0.709739
0.712337
0.714967
0.717643
0.720385
0.723221
0.726183
0.729313
0.732658
0.736271
0.740212
0.744549
0.749353
0.754704
0.760687
0.76739
0.774909
0.783344
0.7928
0.803386
0.815217
0.828409
0.843087
0.859375
0.84
0.824591
0.810825
0.798567
0.787684
0.778049
0.76954
0.76204
0.755438
0.749628
0.744508
0.739985
0.735968
0.732375
0.72913
0.726163
0.723412
0.72082
0.71834
0.71593
0.713557
0.711194
0.708823
0.706431
0.704013
0.70157
0.699111
0.696649
0.694202
0.691792
0.689447
0.687195
0.685067
0.683094
0.681308
0.679738
0.678412
0.677354
0.676583
0.676114
0.675957
0.676114
0.676583
0.677354
0.678412
0.679738
0.681308
0.683094
0.685067
0.687195
0.689447
0.691792
0.694202
0.696649
0.699111
0.70157
0.704013
0.706431
0.708823
0.711194
0.713557
0.71593
0.71834
0.72082
0.723412
0.726163
0.72913
0.732375
0.735968
0.739985
0.744508
0.749628
0.755438
0.76204
0.76954
0.778049
0.787684
0.798567
0.810825
0.824591
0.84
0.819375
0.804971
0.792237
0.781026
0.771196
0.762613
0.755146
0.748672
0.743071
0.738232
0.734048
0.730418
0.727249
0.724454
0.721954
0.719674
0.717551
0.715526
0.713551
0.711583
0.709588
0.707542
0.705426
0.70323
0.700953
0.698599
0.69618
0.693715
0.691227
0.688746
0.686303
0.683934
0.681677
0.679571
0.677652
0.675958
0.674522
0.673372
0.672532
0.672021
0.67185
0.672021
0.672532
0.673372
0.674522
0.675958
0.677652
0.679571
0.681677
0.683934
0.686303
0.688746
0.691227
0.693715
0.69618
0.698599
0.700953
0.70323
0.705426
0.707542
0.709588
0.711583
0.713551
0.715526
0.717551
0.719674
0.721954
0.724454
0.727249
0.730418
0.734048
0.738232
0.743071
0.748672
0.755146
0.762613
0.771196
0.781026
0.792237
0.804971
0.819375
0.7975
0.784241
0.772669
0.762629
0.75397
0.746548
0.740226
0.734873
0.730363
0.726578
0.723405
0.720739
0.718482
0.716541
0.714833
0.713283
0.711823
0.710393
0.708943
0.707429
0.705819
0.704088
0.702221
0.700208
0.698052
0.695762
0.693353
0.690851
0.688284
0.685689
0.683106
0.680577
0.678148
0.675867
0.673777
0.671924
0.670346
0.66908
0.668154
0.667589
0.667399
0.667589
0.668154
0.66908
0.670346
0.671924
0.673777
0.675867
0.678148
0.680577
0.683106
0.685689
0.688284
0.690851
0.693353
0.695762
0.698052
0.700208
0.702221
0.704088
0.705819
0.707429
0.708943
0.710393
0.711823
0.713283
0.714833
0.716541
0.718482
0.720739
0.723405
0.726578
0.730363
0.734873
0.740226
0.746548
0.75397
0.762629
0.772669
0.784241
0.7975
0.774375
0.762413
0.752148
0.743413
0.736051
0.72991
0.724844
0.720716
0.717394
0.714752
0.712672
0.711043
0.709762
0.708733
0.707869
0.707091
0.706328
0.70552
0.704613
0.703565
0.702343
0.700923
0.699291
0.697443
0.695382
0.693123
0.690687
0.688105
0.685413
0.682655
0.67988
0.677139
0.674487
0.671979
0.669672
0.667617
0.665862
0.664449
0.663414
0.662782
0.662569
0.662782
0.663414
0.664449
0.665862
0.667617
0.669672
0.671979
0.674487
0.677139
0.67988
0.682655
0.685413
0.688105
0.690687
0.693123
0.695382
0.697443
0.699291
0.700923
0.702343
0.703565
0.704613
0.70552
0.706328
0.707091
0.707869
0.708733
0.709762
0.711043
0.712672
0.714752
0.717394
0.720716
0.724844
0.72991
0.736051
0.743413
0.752148
0.762413
0.774375
0.75
0.739503
0.7307
0.723417
0.717489
0.712758
0.709069
0.706278
0.704246
0.702842
0.701942
0.701429
0.701194
0.701139
0.701171
0.701208
0.701177
0.701015
0.700669
0.700095
0.69926
0.698142
0.696729
0.695019
0.693021
0.690754
0.688245
0.685532
0.682659
0.679679
0.67665
0.673634
0.670696
0.667903
0.665322
0.663013
0.661036
0.659441
0.658271
0.657555
0.657314
0.657555
0.658271
0.659441
0.661036
0.663013
0.665322
0.667903
0.670696
0.673634
0.67665
0.679679
0.682659
0.685532
0.688245
0.690754
0.693021
0.695019
0.696729
0.698142
0.69926
0.700095
0.700669
0.701015
0.701177
0.701208
0.701171
0.701139
0.701194
0.701429
0.701942
0.702842
0.704246
0.706278
0.709069
0.712758
0.717489
0.723417
0.7307
0.739503
0.75
0.724375
0.715522
0.708349
0.702678
0.698334
0.695152
0.69297
0.691638
0.691009
0.690946
0.691318
0.692004
0.69289
0.693872
0.694854
0.695751
0.696487
0.696998
0.697227
0.697132
0.696681
0.695851
0.694635
0.693032
0.691057
0.688734
0.686097
0.683191
0.680071
0.676798
0.673442
0.670076
0.666778
0.663629
0.660705
0.658083
0.655831
0.654011
0.652672
0.651854
0.651578
0.651854
0.652672
0.654011
0.655831
0.658083
0.660705
0.663629
0.666778
0.670076
0.673442
0.676798
0.680071
0.683191
0.686097
0.688734
0.691057
0.693032
0.694635
0.695851
0.696681
0.697132
0.697227
0.696998
0.696487
0.695751
0.694854
0.693872
0.69289
0.692004
0.691318
0.690946
0.691009
0.691638
0.69297
0.695152
0.698334
0.702678
0.708349
0.715522
0.724375
0.6975
0.690483
0.685124
0.681235
0.678636
0.677154
0.676622
0.676879
0.677774
0.679162
0.680907
0.682882
0.684968
0.687056
0.689046
0.69085
0.692389
0.693596
0.694415
0.694803
0.694727
0.694168
0.693119
0.691585
0.689585
0.687149
0.684319
0.681149
0.677702
0.674053
0.670283
0.666479
0.662735
0.659143
0.655797
0.652788
0.650198
0.6481
0.646555
0.645609
0.645291
0.645609
0.646555
0.6481
0.650198
0.652788
0.655797
0.659143
0.662735
0.666479
0.670283
0.674053
0.677702
0.681149
0.684319
0.687149
0.689585
0.691585
0.693119
0.694168
0.694727
0.694803
0.694415
0.693596
0.692389
0.69085
0.689046
0.687056
0.684968
0.682882
0.680907
0.679162
0.677774
0.676879
0.676622
0.677154
0.678636
0.681235
0.685124
0.690483
0.6975
0.669375
0.664399
0.661047
0.659126
0.658447
0.658829
0.660098
0.662087
0.664638
0.667597
0.670824
0.674185
0.677556
0.680823
0.683882
0.686642
0.689021
0.69095
0.692372
0.693243
0.693531
0.693219
0.692303
0.690793
0.688711
0.686096
0.682996
0.679477
0.675612
0.671489
0.667203
0.662858
0.658562
0.654427
0.650564
0.64708
0.644074
0.641636
0.639839
0.638737
0.638366
0.638737
0.639839
0.641636
0.644074
0.64708
0.650564
0.654427
0.658562
0.662858
0.667203
0.671489
0.675612
0.679477
0.682996
0.686096
0.688711
0.690793
0.692303
0.693219
0.693531
0.693243
0.692372
0.69095
0.689021
0.686642
0.683882
0.680823
0.677556
0.674185
0.670824
0.667597
0.664638
0.662087
0.660098
0.658829
0.658447
0.659126
0.661047
0.664399
0.669375
0.64
0.637283
0.636146
0.63639
0.637818
0.640242
0.643479
0.647354
0.651702
0.656364
0.66119
0.666042
0.670789
0.675314
0.679509
0.683277
0.686535
0.689211
0.691247
0.6926
0.693238
0.693146
0.692322
0.690781
0.688552
0.685679
0.682223
0.678256
0.673866
0.669156
0.664235
0.659226
0.654256
0.649458
0.644963
0.6409
0.637388
0.634534
0.632427
0.631135
0.6307
0.631135
0.632427
0.634534
0.637388
0.6409
0.644963
0.649458
0.654256
0.659226
0.664235
0.669156
0.673866
0.678256
0.682223
0.685679
0.688552
0.690781
0.692322
0.693146
0.693238
0.6926
0.691247
0.689211
0.686535
0.683277
0.679509
0.675314
0.670789
0.666042
0.66119
0.656364
0.651702
0.647354
0.643479
0.640242
0.637818
0.63639
0.636146
0.637283
0.64
0.609375
0.609146
0.610446
0.613067
0.616804
0.62146
0.626844
0.632774
0.639074
0.645579
0.652133
0.658589
0.664814
0.670682
0.676082
0.680915
0.685093
0.688543
0.691206
0.693037
0.694006
0.694101
0.693322
0.691689
0.689237
0.686019
0.682103
0.677576
0.672538
0.667108
0.661414
0.655598
0.64981
0.644207
0.638945
0.634177
0.630047
0.626686
0.624202
0.622677
0.622162
0.622677
0.624202
0.626686
0.630047
0.634177
0.638945
0.644207
0.64981
0.655598
0.661414
0.667108
0.672538
0.677576
0.682103
0.686019
0.689237
0.691689
0.693322
0.694101
0.694006
0.693037
0.691206
0.688543
0.685093
0.680915
0.676082
0.670682
0.664814
0.658589
0.652133
0.645579
0.639074
0.632774
0.626844
0.62146
0.616804
0.613067
0.610446
0.609146
0.609375
0.5775
0.580002
0.583974
0.589198
0.595461
0.602555
0.610281
0.618446
0.626866
0.635368
0.643788
0.651974
0.659784
0.667088
0.673771
0.679729
0.684872
0.689124
0.692424
0.694729
0.696009
0.696252
0.695465
0.69367
0.69091
0.687245
0.682755
0.677538
0.671711
0.665408
0.65878
0.65199
0.645216
0.638639
0.632447
0.626824
0.621943
0.617963
0.615017
0.613207
0.612596
0.613207
0.615017
0.617963
0.621943
0.626824
0.632447
0.638639
0.645216
0.65199
0.65878
0.665408
0.671711
0.677538
0.682755
0.687245
0.69091
0.69367
0.695465
0.696252
0.696009
0.694729
0.692424
0.689124
0.684872
0.679729
0.673771
0.667088
0.659784
0.651974
0.643788
0.635368
0.626866
0.618446
0.610281
0.602555
0.595461
0.589198
0.583974
0.580002
0.5775
0.544375
0.549863
0.556756
0.564826
0.573847
0.583602
0.593879
0.604475
0.615197
0.625864
0.636302
0.646352
0.655865
0.664708
0.672757
0.679906
0.686062
0.691146
0.695097
0.697869
0.699436
0.699786
0.698929
0.696894
0.693729
0.689504
0.684309
0.678256
0.671478
0.664129
0.65638
0.648423
0.640462
0.632713
0.625398
0.618738
0.612944
0.608209
0.604698
0.602538
0.601809
0.602538
0.604698
0.608209
0.612944
0.618738
0.625398
0.632713
0.640462
0.648423
0.65638
0.664129
0.671478
0.678256
0.684309
0.689504
0.693729
0.696894
0.698929
0.699786
0.699436
0.697869
0.695097
0.691146
0.686062
0.679906
0.672757
0.664708
0.655865
0.646352
0.636302
0.625864
0.615197
0.604475
0.593879
0.583602
0.573847
0.564826
0.556756
0.549863
0.544375
0.51
0.518743
0.528823
0.539996
0.552025
0.564679
0.577733
0.590973
0.604196
0.617208
0.629828
0.641889
0.653236
0.663727
0.673234
0.681647
0.688869
0.694819
0.699433
0.702667
0.704493
0.704904
0.703911
0.701548
0.697872
0.69296
0.686914
0.679861
0.671949
0.663353
0.65427
0.644919
0.635539
0.626383
0.617713
0.609797
0.602891
0.597233
0.593029
0.590439
0.589564
0.590439
0.593029
0.597233
0.602891
0.609797
0.617713
0.626383
0.635539
0.644919
0.65427
0.663353
0.671949
0.679861
0.686914
0.69296
0.697872
0.701548
0.703911
0.704904
0.704493
0.702667
0.699433
0.694819
0.688869
0.681647
0.673234
0.663727
0.653236
0.641889
0.629828
0.617208
0.604196
0.590973
0.577733
0.564679
0.552025
0.539996
0.528823
0.518743
0.51
0.474375
0.486658
0.500205
0.514758
0.530062
0.545871
0.561947
0.57806
0.593997
0.609551
0.624534
0.638766
0.652087
0.664346
0.675413
0.68517
0.693516
0.700368
0.705662
0.709351
0.711409
0.711829
0.710627
0.707842
0.703537
0.697798
0.690738
0.682499
0.673247
0.663178
0.652517
0.641512
0.63044
0.619598
0.609298
0.599858
0.591596
0.584805
0.579747
0.576624
0.575568
0.576624
0.579747
0.584805
0.591596
0.599858
0.609298
0.619598
0.63044
0.641512
0.652517
0.663178
0.673247
0.682499
0.690738
0.697798
0.703537
0.707842
0.710627
0.711829
0.711409
0.709351
0.705662
0.700368
0.693516
0.68517
0.675413
0.664346
0.652087
0.638766
0.624534
0.609551
0.593997
0.57806
0.561947
0.545871
0.530062
0.514758
0.500205
0.486658
0.474375
0.4375
0.453624
0.470939
0.489166
0.508032
0.527272
0.546631
0.565866
0.584747
0.603058
0.620596
0.637175
0.652622
0.666784
0.679519
0.690707
0.700243
0.70804
0.714032
0.718171
0.72043
0.720806
0.719317
0.716007
0.710943
0.704223
0.695971
0.686341
0.675519
0.663723
0.651204
0.638246
0.625166
0.612309
0.600044
0.588757
0.578835
0.570649
0.56453
0.560743
0.55946
0.560743
0.56453
0.570649
0.578835
0.588757
0.600044
0.612309
0.625166
0.638246
0.651204
0.663723
0.675519
0.686341
0.695971
0.704223
0.710943
0.716007
0.719317
0.720806
0.72043
0.718171
0.714032
0.70804
0.700243
0.690707
0.679519
0.666784
0.652622
0.637175
0.620596
0.603058
0.584747
0.565866
0.546631
0.527272
0.508032
0.489166
0.470939
0.453624
0.4375
0.399375
0.419661
0.441063
0.463279
0.486014
0.508982
0.531907
0.554531
0.576606
0.597903
0.618207
0.637321
0.655064
0.671271
0.685796
0.698513
0.709311
0.7181
0.724812
0.729396
0.731828
0.732103
0.730244
0.726297
0.720337
0.71247
0.702829
0.691584
0.678937
0.665128
0.650437
0.635183
0.619726
0.604466
0.589839
0.576307
0.564347
0.554429
0.546982
0.542357
0.540788
0.542357
0.546982
0.554429
0.564347
0.576307
0.589839
0.604466
0.619726
0.635183
0.650437
0.665128
0.678937
0.691584
0.702829
0.71247
0.720337
0.726297
0.730244
0.732103
0.731828
0.729396
0.724812
0.7181
0.709311
0.698513
0.685796
0.671271
0.655064
0.637321
0.618207
0.597903
0.576606
0.554531
0.531907
0.508982
0.486014
0.463279
0.441063
0.419661
0.399375
0.36
0.38479
0.410622
0.437167
0.464101
0.491114
0.517909
0.544208
0.569746
0.594278
0.617576
0.63943
0.659649
0.678059
0.694508
0.70886
0.721001
0.730836
0.738294
0.743324
0.745898
0.746014
0.743697
0.738997
0.731994
0.722799
0.711559
0.698453
0.683701
0.667565
0.65035
0.632412
0.614154
0.596036
0.578566
0.5623
0.547826
0.535742
0.526613
0.520916
0.518978
0.520916
0.526613
0.535742
0.547826
0.5623
0.578566
0.596036
0.614154
0.632412
0.65035
0.667565
0.683701
0.698453
0.711559
0.722799
0.731994
0.738997
0.743697
0.746014
0.745898
0.743324
0.738294
0.730836
0.721001
0.70886
0.694508
0.678059
0.659649
0.63943
0.617576
0.594278
0.569746
0.544208
0.517909
0.491114
0.464101
0.437167
0.410622
0.38479
0.36
0.319375
0.349038
0.379671
0.410907
0.442394
0.473794
0.504785
0.535066
0.564354
0.592389
0.618925
0.643741
0.666634
0.68742
0.705937
0.722043
0.735617
0.746561
0.754797
0.760274
0.762963
0.762862
0.759996
0.75442
0.746217
0.735506
0.72244
0.70721
0.690051
0.671242
0.651115
0.630055
0.608513
0.587005
0.566121
0.546519
0.528926
0.514105
0.502812
0.495715
0.493291
0.495715
0.502812
0.514105
0.528926
0.546519
0.566121
0.587005
0.608513
0.630055
0.651115
0.671242
0.690051
0.70721
0.72244
0.735506
0.746217
0.75442
0.759996
0.762862
0.762963
0.760274
0.754797
0.746561
0.735617
0.722043
0.705937
0.68742
0.666634
0.643741
0.618925
0.592389
0.564354
0.535066
0.504785
0.473794
0.442394
0.410907
0.379671
0.349038
0.319375
0.2775
0.312438
0.34827
0.384591
0.421013
0.457164
0.492698
0.527291
0.560638
0.592461
0.6225
0.650517
0.676298
0.699646
0.720391
0.738381
0.75349
0.765611
0.774665
0.780597
0.783375
0.782999
0.779492
0.772913
0.763347
0.75092
0.735789
0.718156
0.698266
0.676413
0.652948
0.628286
0.602914
0.577405
0.552425
0.528751
0.507264
0.488944
0.474815
0.465843
0.462757
0.465843
0.474815
0.488944
0.507264
0.528751
0.552425
0.577405
0.602914
0.628286
0.652948
0.676413
0.698266
0.718156
0.735789
0.75092
0.763347
0.772913
0.779492
0.782999
0.783375
0.780597
0.774665
0.765611
0.75349
0.738381
0.720391
0.699646
0.676298
0.650517
0.6225
0.592461
0.560638
0.527291
0.492698
0.457164
0.421013
0.384591
0.34827
0.312438
0.2775
0.234375
0.275026
0.316495
0.358326
0.400091
0.441385
0.481834
0.521088
0.558824
0.594741
0.628564
0.66004
0.688938
0.715052
0.738199
0.758217
0.774972
0.788352
0.798272
0.804671
0.807518
0.806809
0.802569
0.794856
0.783761
0.76941
0.751966
0.731637
0.708675
0.683383
0.656127
0.627339
0.597535
0.567331
0.537463
0.508816
0.482447
0.459597
0.441664
0.430083
0.426052
0.430083
0.441664
0.459597
0.482447
0.508816
0.537463
0.567331
0.597535
0.627339
0.656127
0.683383
0.708675
0.731637
0.751966
0.76941
0.783761
0.794856
0.802569
0.806809
0.807518
0.804671
0.798272
0.788352
0.774972
0.758217
0.738199
0.715052
0.688938
0.66004
0.628564
0.594741
0.558824
0.521088
0.481834
0.441385
0.400091
0.358326
0.316495
0.275026
0.234375
0.19
0.236854
0.284438
0.33224
0.379788
0.426642
0.472399
0.516686
0.559158
0.599496
0.637404
0.672614
0.704879
0.733979
0.759717
0.781922
0.800449
0.815179
0.82602
0.832907
0.835806
0.83471
0.829645
0.820669
0.807873
0.791386
0.771374
0.748047
0.72166
0.692521
0.660997
0.62753
0.592645
0.556982
0.52132
0.486628
0.454124
0.425339
0.402162
0.386776
0.381282
0.386776
0.402162
0.425339
0.454124
0.486628
0.52132
0.556982
0.592645
0.62753
0.660997
0.692521
0.72166
0.748047
0.771374
0.791386
0.807873
0.820669
0.829645
0.83471
0.835806
0.832907
0.82602
0.815179
0.800449
0.781922
0.759717
0.733979
0.704879
0.672614
0.637404
0.599496
0.559158
0.516686
0.472399
0.426642
0.379788
0.33224
0.284438
0.236854
0.19
0.144375
0.197983
0.252214
0.306489
0.360289
0.413143
0.464624
0.514336
0.561913
0.607016
0.649331
0.688569
0.724469
0.756792
0.785329
0.809895
0.830334
0.846517
0.858346
0.865751
0.868691
0.867159
0.861179
0.850808
0.83614
0.817302
0.794463
0.767831
0.737662
0.704258
0.667983
0.629269
0.588631
0.546698
0.504249
0.462279
0.422096
0.385477
0.35487
0.333575
0.325527
0.333575
0.35487
0.385477
0.422096
0.462279
0.504249
0.546698
0.588631
0.629269
0.667983
0.704258
0.737662
0.767831
0.794463
0.817302
0.83614
0.850808
0.861179
0.867159
0.868691
0.865751
0.858346
0.846517
0.830334
0.809895
0.785329
0.756792
0.724469
0.688569
0.649331
0.607016
0.561913
0.514336
0.464624
0.413143
0.360289
0.306489
0.252214
0.197983
0.144375
0.0975
0.158507
0.21998
0.281267
0.341813
0.40113
0.458768
0.514315
0.567385
0.617617
0.664679
0.708261
0.748081
0.783886
0.815446
0.842565
0.865071
0.882826
0.895722
0.903681
0.90666
0.904648
0.897666
0.885772
0.869058
0.847655
0.821728
0.791486
0.757177
0.719097
0.677592
0.633071
0.586015
0.537002
0.486747
0.43617
0.386519
0.339611
0.298269
0.267128
0.253674
0.267128
0.298269
0.339611
0.386519
0.43617
0.486747
0.537002
0.586015
0.633071
0.677592
0.719097
0.757177
0.791486
0.821728
0.847655
0.869058
0.885772
0.897666
0.904648
0.90666
0.903681
0.895722
0.882826
0.865071
0.842565
0.815446
0.783886
0.748081
0.708261
0.664679
0.617617
0.567385
0.514315
0.458768
0.40113
0.341813
0.281267
0.21998
0.158507
0.0975
0.049375
0.118572
0.187949
0.256816
0.324622
0.390875
0.455119
0.516927
0.575893
0.631639
0.683808
0.73207
0.77612
0.815684
0.850514
0.880394
0.90514
0.924599
0.938653
0.947217
0.950241
0.947709
0.939643
0.926099
0.90717
0.882986
0.853714
0.819558
0.780761
0.737604
0.690414
0.63956
0.585467
0.528625
0.469618
0.409164
0.348217
0.288184
0.231469
0.182993
0.154915
0.182993
0.231469
0.288184
0.348217
0.409164
0.469618
0.528625
0.585467
0.63956
0.690414
0.737604
0.780761
0.819558
0.853714
0.882986
0.90717
0.926099
0.939643
0.947709
0.950241
0.947217
0.938653
0.924599
0.90514
0.880394
0.850514
0.815684
0.77612
0.73207
0.683808
0.631639
0.575893
0.516927
0.455119
0.390875
0.324622
0.256816
0.187949
0.118572
0.049375
-2.22045e-15
0.0784591
0.156434
0.233445
0.309017
0.382683
0.45399
0.522499
0.587785
0.649448
0.707107
0.760406
0.809017
0.85264
0.891007
0.92388
0.951057
0.97237
0.987688
0.996917
1
0.996917
0.987688
0.97237
0.951057
0.92388
0.891007
0.85264
0.809017
0.760406
0.707107
0.649448
0.587785
0.522499
0.45399
0.382683
0.309017
0.233445
0.156434
0.0784591
1.89653e-15
0.0784591
0.156434
0.233445
0.309017
0.382683
0.45399
0.522499
0.587785
0.649448
0.707107
0.760406
0.809017
0.85264
0.891007
0.92388
0.951057
0.97237
0.987688
0.996917
1
0.996917
0.987688
0.97237
0.951057
0.92388
0.891007
0.85264
0.809017
0.760406
0.707107
0.649448
0.587785
0.522499
0.45399
0.382683
0.309017
0.233445
0.156434
0.0784591
-2.22045e-15
